chain_id,model,method,num_emails,sentiment_neg,sentiment_neu,sentiment_pos
0,Mistral,Fewshot,7,0.00905343294143679,0.20905343294143675,0.7818931341171265
1,Mistral,Fewshot,7,0.09656828045845034,0.2965682804584503,0.6068634390830994
2,Mistral,Fewshot,7,0.001783484220504783,0.20178348422050474,0.7964330315589905
3,Mistral,Fewshot,7,0.0,0.0945289134979248,0.9054710865020752
4,Mistral,Fewshot,7,0.01541227996349337,0.21541227996349332,0.7691754400730133
5,Mistral,Fewshot,6,0.07406076192855837,0.2740607619285583,0.6518784761428833
6,Mistral,Fewshot,7,0.14302765727043154,0.7,0.15697234272956848
7,Mistral,Fewshot,7,0.13285625874996188,0.7,0.16714374125003814
8,Mistral,Fewshot,7,0.0,0.025837808847427368,0.9741621911525726
9,Mistral,Fewshot,7,0.0,0.10832378268241882,0.8916762173175812
10,Mistral,Fewshot,7,0.0,0.19513583183288574,0.8048641681671143
11,Mistral,Fewshot,6,0.0,0.12788844108581543,0.8721115589141846
12,Mistral,Fewshot,7,0.09670051336288454,0.2967005133628845,0.606598973274231
13,Mistral,Fewshot,7,0.1159647196531296,0.41596471965312953,0.46807056069374087
14,Mistral,Fewshot,7,0.05071140229701998,0.25071140229701994,0.6985771954059601
15,Mistral,Fewshot,7,0.07441733181476595,0.2744173318147659,0.6511653363704681
16,Mistral,Fewshot,6,0.0,0.12736517190933228,0.8726348280906677
17,Mistral,Fewshot,6,0.0,0.09974518418312073,0.9002548158168793
18,Mistral,Fewshot,6,0.1438994199037552,0.7,0.1561005800962448
19,Mistral,Fewshot,7,0.08572068214416506,0.285720682144165,0.6285586357116699
20,Mistral,Fewshot,7,0.0,0.06272083520889282,0.9372791647911072
21,Mistral,Fewshot,7,0.0,0.08212161064147949,0.9178783893585205
22,Mistral,Fewshot,7,0.1204847037792206,0.42048470377922054,0.45903059244155886
23,Mistral,Fewshot,7,0.06013300418853762,0.2601330041885376,0.6797339916229248
24,Mistral,Fewshot,7,0.07072875797748568,0.27072875797748563,0.6585424840450287
25,Mistral,Fewshot,6,0.14802279472351076,0.7,0.15197720527648925
26,Mistral,Fewshot,6,0.03155442476272585,0.2315544247627258,0.7368911504745483
27,Mistral,Fewshot,6,0.013522663712501548,0.2135226637125015,0.772954672574997
28,Mistral,Fewshot,7,0.004869037866592429,0.20486903786659239,0.7902619242668152
29,Mistral,Fewshot,6,0.05008826553821566,0.2500882655382156,0.6998234689235687
30,Mistral,Fewshot,6,0.06569899022579195,0.2656989902257919,0.6686020195484161
31,Mistral,Fewshot,6,0.0,0.042538613080978394,0.9574613869190216
32,Mistral,Fewshot,7,0.13325236141681673,0.7,0.16674763858318328
33,Mistral,Fewshot,7,0.0,0.12400305271148682,0.8759969472885132
34,Mistral,Fewshot,6,0.12121764719486239,0.4212176471948623,0.4575647056102753
35,Mistral,Fewshot,7,0.10875236392021181,0.40875236392021175,0.48249527215957644
36,Mistral,Fewshot,10,0.0,0.05644410848617554,0.9435558915138245
37,Mistral,Fewshot,7,0.0,0.12757828831672668,0.8724217116832733
38,Mistral,Fewshot,7,0.11207293868064883,0.41207293868064876,0.4758541226387024
39,Mistral,Fewshot,6,0.0,0.06779518723487854,0.9322048127651215
40,Mistral,Fewshot,7,0.055544191598892234,0.2555441915988922,0.6889116168022156
41,Mistral,Fewshot,6,0.0,0.034719377756118774,0.9652806222438812
42,Mistral,Fewshot,7,0.0,0.15411797165870667,0.8458820283412933
43,Mistral,Fewshot,6,0.05856002271175387,0.2585600227117538,0.6828799545764923
44,Mistral,Fewshot,7,0.009902366995811485,0.20990236699581144,0.7801952660083771
45,Mistral,Fewshot,6,0.0,0.15074467658996582,0.8492553234100342
46,Mistral,Fewshot,7,0.06546897590160372,0.2654689759016037,0.6690620481967926
47,Mistral,Fewshot,6,0.0,0.037314146757125854,0.9626858532428741
48,Mistral,Fewshot,6,0.0,0.16112524271011353,0.8388747572898865
49,Mistral,Fewshot,7,0.13454076051712038,0.7,0.16545923948287963
50,Mistral,Fewshot,7,0.018274018168449424,0.21827401816844938,0.7634519636631012
51,Mistral,Fewshot,7,0.13744463920593264,0.7,0.16255536079406738
52,Mistral,Fewshot,7,0.0,0.12718212604522705,0.872817873954773
53,Mistral,Fewshot,6,0.11960827708244326,0.4196082770824432,0.46078344583511355
54,Mistral,Fewshot,7,0.0,0.17743390798568726,0.8225660920143127
55,Mistral,Fewshot,7,0.05893283486366274,0.2589328348636627,0.6821343302726746
56,Mistral,Fewshot,6,0.01055979132652285,0.2105597913265228,0.7788804173469543
57,Mistral,Fewshot,7,0.04803898334503176,0.24803898334503172,0.7039220333099365
58,Mistral,Fewshot,7,0.0,0.0029889345169067383,0.9970110654830933
59,Mistral,Fewshot,7,0.0,0.1453823745250702,0.8546176254749298
60,Mistral,Fewshot,7,0.02617669999599459,0.22617669999599455,0.7476466000080109
61,Mistral,Fewshot,7,0.011582681536674522,0.21158268153667448,0.776834636926651
62,Mistral,Fewshot,7,0.14918873608112337,0.7,0.15081126391887664
63,Mistral,Fewshot,6,0.02813404202461245,0.2281340420246124,0.7437319159507751
64,Mistral,Fewshot,7,0.14823239445686343,0.7,0.1517676055431366
65,Mistral,Fewshot,7,0.14674983322620394,0.7,0.15325016677379608
66,Mistral,Fewshot,6,0.0,0.12626639008522034,0.8737336099147797
67,Mistral,Fewshot,7,0.11029503643512728,0.4102950364351272,0.4794099271297455
68,Mistral,Fewshot,7,0.12242656350135805,0.422426563501358,0.45514687299728396
69,Mistral,Fewshot,7,0.03693624734878542,0.23693624734878538,0.7261275053024292
70,Mistral,Fewshot,7,0.0,0.06565338373184204,0.934346616268158
71,Mistral,Fewshot,7,0.11282699704170229,0.4128269970417022,0.4743460059165955
72,Mistral,Fewshot,6,0.0,0.18669557571411133,0.8133044242858887
73,Mistral,Fewshot,6,0.14798819422721865,0.7,0.15201180577278137
74,Mistral,Fewshot,7,0.11758274734020235,0.4175827473402023,0.46483450531959536
75,Mistral,Fewshot,5,0.0,0.17649006843566895,0.823509931564331
76,Mistral,Fewshot,7,0.14400490522384646,0.7,0.15599509477615356
77,Mistral,Fewshot,7,0.0,0.008768051862716675,0.9912319481372833
78,Mistral,Fewshot,6,0.0,0.10515978932380676,0.8948402106761932
79,Mistral,Fewshot,6,0.0,0.1851014494895935,0.8148985505104065
80,Mistral,Fewshot,6,0.03296519219875338,0.23296519219875333,0.7340696156024933
81,Mistral,Fewshot,7,0.01973010003566744,0.2197301000356674,0.7605397999286652
82,Mistral,Fewshot,6,0.0,0.12564566731452942,0.8743543326854706
83,Mistral,Fewshot,7,0.0001564413309097512,0.2001564413309097,0.7996871173381805
84,Mistral,Fewshot,7,0.0,0.18166065216064453,0.8183393478393555
85,Mistral,Fewshot,6,0.08081507086753847,0.28081507086753843,0.6383698582649231
86,Mistral,Fewshot,7,0.025466525554657005,0.22546652555465696,0.749066948890686
87,Mistral,Fewshot,7,0.0,0.06932598352432251,0.9306740164756775
88,Mistral,Fewshot,7,0.01136811971664431,0.21136811971664426,0.7772637605667114
89,Mistral,Fewshot,7,0.0,0.17108196020126343,0.8289180397987366
90,Mistral,Fewshot,7,0.004809373617172263,0.20480937361717222,0.7903812527656555
91,Mistral,Fewshot,7,0.0003867536783218606,0.20038675367832182,0.7992264926433563
92,Mistral,Fewshot,7,0.12389866411685946,0.4238986641168594,0.45220267176628115
93,Mistral,Fewshot,7,0.1395335137844086,0.7,0.16046648621559143
94,Mistral,Fewshot,7,0.04711831510066988,0.24711831510066984,0.7057633697986603
95,Mistral,Fewshot,7,0.06289505362510683,0.2628950536251068,0.6742098927497864
96,Mistral,Fewshot,7,0.041735568642616294,0.24173556864261625,0.7165288627147675
97,Mistral,Fewshot,7,0.13880821466445925,0.7,0.16119178533554077
98,Mistral,Fewshot,6,0.0,0.14429312944412231,0.8557068705558777
99,Mistral,Fewshot,6,0.10056210458278658,0.4005621045827865,0.4988757908344269
100,Mistral,Fewshot,7,0.0,0.03325119614601135,0.9667488038539886
101,Mistral,Fewshot,6,0.0,0.0645584762096405,0.9354415237903595
102,Mistral,Fewshot,7,0.09707678258419039,0.29707678258419035,0.6058464348316193
103,Mistral,Fewshot,7,0.0,0.050144731998443604,0.9498552680015564
104,Mistral,Fewshot,6,0.12570550441741946,0.7,0.17429449558258056
105,Mistral,Fewshot,6,0.0,0.11632153391838074,0.8836784660816193
106,Mistral,Fewshot,7,0.11712690591812136,0.4171269059181213,0.46574618816375735
107,Mistral,Fewshot,7,0.12644294798374178,0.7,0.17355705201625823
108,Mistral,Fewshot,6,0.08132792413234713,0.2813279241323471,0.6373441517353058
109,Mistral,Fewshot,6,0.0,0.1940518319606781,0.8059481680393219
110,Mistral,Fewshot,7,0.13554827272892,0.7,0.16445172727108
111,Mistral,Fewshot,7,0.0,0.0816195011138916,0.9183804988861084
112,Mistral,Fewshot,6,0.0,0.18555578589439392,0.8144442141056061
113,Mistral,Fewshot,6,0.0,0.16110795736312866,0.8388920426368713
114,Mistral,Fewshot,9,0.0,0.17985570430755615,0.8201442956924438
115,Mistral,Fewshot,6,0.14530135095119479,0.7,0.15469864904880523
116,Mistral,Fewshot,7,0.02737958133220675,0.2273795813322067,0.7452408373355865
117,Mistral,Fewshot,6,0.018306949734687827,0.21830694973468778,0.7633861005306244
118,Mistral,Fewshot,7,0.12453759610652926,0.4245375961065292,0.45092480778694155
119,Mistral,Fewshot,6,0.0,0.13255095481872559,0.8674490451812744
120,Mistral,Fewshot,7,0.1479437440633774,0.7,0.15205625593662261
121,Mistral,Fewshot,7,0.0,0.10523545742034912,0.8947645425796509
122,Mistral,Fewshot,7,0.12094288468360903,0.42094288468360896,0.458114230632782
123,Mistral,Fewshot,7,0.066697233915329,0.26669723391532896,0.666605532169342
124,Mistral,Fewshot,7,0.0,0.08971059322357178,0.9102894067764282
125,Mistral,Fewshot,6,0.0,0.047796353697776794,0.9522036463022232
126,Mistral,Fewshot,6,0.0,0.10051891207695007,0.8994810879230499
127,Mistral,Fewshot,7,0.0,0.19689157605171204,0.803108423948288
128,Mistral,Fewshot,6,0.11273052692413332,0.41273052692413326,0.4745389461517334
129,Mistral,Fewshot,7,0.0,0.1281754970550537,0.8718245029449463
130,Mistral,Fewshot,7,0.1432680428028107,0.7,0.15673195719718933
131,Mistral,Fewshot,7,0.0,0.12055087089538574,0.8794491291046143
132,Mistral,Fewshot,6,0.0,0.18253538012504578,0.8174646198749542
133,Mistral,Fewshot,7,0.02724849581718447,0.22724849581718443,0.7455030083656311
134,Mistral,Fewshot,6,0.1221832871437073,0.42218328714370723,0.45563342571258547
135,Mistral,Fewshot,7,0.08216919898986819,0.28216919898986814,0.6356616020202637
136,Mistral,Fewshot,7,0.0,0.10050302743911743,0.8994969725608826
137,Mistral,Fewshot,7,0.0,0.1957586109638214,0.8042413890361786
138,Mistral,Fewshot,7,0.0,0.1815853714942932,0.8184146285057068
139,Mistral,Fewshot,7,0.04266082644462588,0.24266082644462583,0.7146783471107483
140,Mistral,Fewshot,7,0.0,0.1329137086868286,0.8670862913131714
141,Mistral,Fewshot,7,0.0,0.1993359923362732,0.8006640076637268
142,Mistral,Fewshot,7,0.0,0.18606001138687134,0.8139399886131287
143,Mistral,Fewshot,7,0.0,0.1726262867450714,0.8273737132549286
144,Mistral,Fewshot,7,0.0,0.16390520334243774,0.8360947966575623
145,Mistral,Fewshot,6,0.0,0.1540924310684204,0.8459075689315796
146,Mistral,Fewshot,6,0.1482399791479111,0.7,0.15176002085208892
147,Mistral,Fewshot,7,0.11442046761512759,0.4144204676151275,0.4711590647697449
148,Mistral,Fewshot,6,0.14437668919563296,0.7,0.15562331080436706
149,Mistral,Fewshot,7,0.026691341400146507,0.22669134140014646,0.746617317199707
150,Mistral,Fewshot,7,0.0,0.07868921756744385,0.9213107824325562
151,Mistral,Fewshot,7,0.04646692574024203,0.24646692574024198,0.707066148519516
152,Mistral,Fewshot,6,0.1167346924543381,0.41673469245433803,0.4665306150913239
153,Mistral,Fewshot,7,0.0,0.06631281971931458,0.9336871802806854
154,Mistral,Fewshot,6,0.0,0.07301788032054901,0.926982119679451
155,Mistral,Fewshot,7,0.0,0.1973164975643158,0.8026835024356842
156,Mistral,Fewshot,7,0.12320486605167391,0.42320486605167384,0.45359026789665224
157,Mistral,Fewshot,7,0.10244280993938448,0.4024428099393844,0.4951143801212311
158,Mistral,Fewshot,7,0.059550860524177573,0.25955086052417753,0.6808982789516449
159,Mistral,Fewshot,7,0.031094321608543418,0.23109432160854337,0.7378113567829132
160,Mistral,Fewshot,7,0.0,0.08492740988731384,0.9150725901126862
161,Mistral,Fewshot,7,0.10726585388183596,0.4072658538818359,0.48546829223632815
162,Mistral,Fewshot,7,0.08861635029315951,0.28861635029315946,0.622767299413681
163,Mistral,Fewshot,7,0.12420755028724673,0.42420755028724666,0.4515848994255066
164,Mistral,Fewshot,7,0.07277213931083681,0.27277213931083677,0.6544557213783264
165,Mistral,Fewshot,6,0.0,0.10830968618392944,0.8916903138160706
166,Mistral,Fewshot,6,0.0,0.17216628789901733,0.8278337121009827
167,Mistral,Fewshot,7,0.0989293694496155,0.29892936944961546,0.602141261100769
168,Mistral,Fewshot,6,0.032339641451835655,0.2323396414518356,0.7353207170963287
169,Mistral,Fewshot,6,0.06439069807529452,0.2643906980752945,0.671218603849411
170,Mistral,Fewshot,5,0.060153895616531394,0.26015389561653135,0.6796922087669373
171,Mistral,Fewshot,6,0.09083511829376223,0.2908351182937622,0.6183297634124756
172,Mistral,Fewshot,6,0.1062739282846451,0.40627392828464504,0.48745214343070986
173,Mistral,Fewshot,6,0.10707711577415469,0.4070771157741546,0.4858457684516907
174,Mistral,Fewshot,7,0.0,0.10093346238136292,0.8990665376186371
175,Mistral,Fewshot,7,0.043997162580490135,0.2439971625804901,0.7120056748390198
176,Mistral,Fewshot,7,0.09052787125110628,0.29052787125110624,0.6189442574977875
177,Mistral,Fewshot,6,0.0,0.16517385840415955,0.8348261415958405
178,Mistral,Fewshot,7,0.007018649578094505,0.20701864957809446,0.785962700843811
179,Mistral,Fewshot,7,0.06510689258575442,0.2651068925857544,0.6697862148284912
180,Mistral,Fewshot,7,0.14625961482524874,0.7,0.15374038517475128
181,Mistral,Fewshot,7,0.0,0.18995553255081177,0.8100444674491882
182,Mistral,Fewshot,6,0.0,0.13018798828125,0.86981201171875
183,Mistral,Fewshot,7,0.1089866101741791,0.40898661017417903,0.48202677965164187
184,Mistral,Fewshot,6,0.0,0.07612386345863342,0.9238761365413666
185,Mistral,Fewshot,7,0.03246656954288485,0.2324665695428848,0.7350668609142303
186,Mistral,Fewshot,6,0.0,0.06547755002975464,0.9345224499702454
187,Mistral,Fewshot,7,0.09289056956768038,0.29289056956768034,0.6142188608646393
188,Mistral,Fewshot,6,0.0,0.05953076481819153,0.9404692351818085
189,Mistral,Fewshot,7,0.0,0.08107948303222656,0.9189205169677734
190,Mistral,Fewshot,7,0.10974437892436983,0.40974437892436977,0.4805112421512604
191,Mistral,Fewshot,7,0.0939143240451813,0.29391432404518125,0.6121713519096375
192,Mistral,Fewshot,7,0.0,0.1040143370628357,0.8959856629371643
193,Mistral,Fewshot,7,0.014588186144828819,0.21458818614482877,0.7708236277103424
194,Mistral,Fewshot,6,0.11568408608436587,0.4156840860843658,0.46863182783126833
195,Mistral,Fewshot,7,0.06489920020103457,0.2648992002010345,0.6702015995979309
196,Mistral,Fewshot,6,0.0,0.08792707324028015,0.9120729267597198
197,Mistral,Fewshot,7,0.059691452980041526,0.2596914529800415,0.680617094039917
198,Mistral,Fewshot,7,0.05626686811447146,0.2562668681144714,0.6874662637710571
199,Mistral,Fewshot,7,0.02596876919269564,0.2259687691926956,0.7480624616146088
200,Mistral,Fewshot,7,0.07438673973083498,0.27438673973083494,0.6512265205383301
201,Mistral,Fewshot,7,0.01861681938171389,0.21861681938171384,0.7627663612365723
202,Mistral,Fewshot,7,0.0,0.1367093324661255,0.8632906675338745
203,Mistral,Fewshot,6,0.0,0.16134217381477356,0.8386578261852264
204,Mistral,Fewshot,6,0.0,0.04468533396720886,0.9553146660327911
205,Mistral,Fewshot,7,0.0,0.194231778383255,0.805768221616745
206,Mistral,Fewshot,6,0.04087098836898806,0.24087098836898801,0.7182580232620239
207,Mistral,Fewshot,7,0.08021012842655184,0.2802101284265518,0.6395797431468964
208,Mistral,Fewshot,7,0.03266633450984957,0.23266633450984953,0.7346673309803009
209,Mistral,Fewshot,7,0.07402765154838564,0.2740276515483856,0.6519446969032288
210,Mistral,Fewshot,7,0.0,0.14921271800994873,0.8507872819900513
211,Mistral,Fewshot,7,0.013443762063980125,0.21344376206398008,0.7731124758720398
212,Mistral,Fewshot,7,0.09091841578483584,0.2909184157848358,0.6181631684303284
213,Mistral,Fewshot,6,0.0,0.1917949914932251,0.8082050085067749
214,Mistral,Fewshot,7,0.11960273385047915,0.4196027338504791,0.46079453229904177
215,Mistral,Fewshot,6,0.09511562585830691,0.29511562585830686,0.6097687482833862
216,Mistral,Fewshot,7,0.142718443274498,0.7,0.157281556725502
217,Mistral,Fewshot,6,0.08948259949684145,0.2894825994968414,0.6210348010063171
218,Mistral,Fewshot,6,0.0,0.11627793312072754,0.8837220668792725
219,Mistral,Fewshot,7,0.12455681860446932,0.42455681860446925,0.4508863627910614
220,Mistral,Fewshot,7,0.04009930193424227,0.24009930193424223,0.7198013961315155
221,Mistral,Fewshot,7,0.14646481871604922,0.7,0.1535351812839508
222,Mistral,Fewshot,6,0.08111482262611391,0.28111482262611387,0.6377703547477722
223,Mistral,Fewshot,6,0.0,0.1283549666404724,0.8716450333595276
224,Mistral,Fewshot,7,0.0,0.19515284895896912,0.8048471510410309
225,Mistral,Fewshot,7,0.12728855907917025,0.7,0.17271144092082977
226,Mistral,Fewshot,8,0.11381616592407229,0.4138161659240722,0.4723676681518555
227,Mistral,Fewshot,7,0.13425547778606417,0.7,0.16574452221393585
228,Mistral,Fewshot,6,0.0,0.0062035322189331055,0.9937964677810669
229,Mistral,Fewshot,6,0.0,0.06403914093971252,0.9359608590602875
230,Mistral,Fewshot,7,0.02707030773162844,0.2270703077316284,0.7458593845367432
231,Mistral,Fewshot,7,0.0705736964941025,0.27057369649410246,0.658852607011795
232,Mistral,Fewshot,7,0.13148806393146517,0.7,0.16851193606853485
233,Mistral,Fewshot,7,0.04424729347229006,0.24424729347229002,0.7115054130554199
234,Mistral,Fewshot,7,0.041500920057296775,0.24150092005729673,0.7169981598854065
235,Mistral,Fewshot,7,0.15022427737712862,0.7,0.1497757226228714
236,Mistral,Fewshot,6,0.0,0.09464871883392334,0.9053512811660767
237,Mistral,Fewshot,6,0.0,0.1325250267982483,0.8674749732017517
238,Mistral,Fewshot,6,0.07267060279846194,0.2726706027984619,0.6546587944030762
239,Mistral,Fewshot,8,0.06640348732471468,0.26640348732471464,0.6671930253505707
240,Mistral,Fewshot,7,0.05201637148857119,0.25201637148857114,0.6959672570228577
241,Mistral,Fewshot,6,0.13066806793212893,0.7,0.1693319320678711
242,Mistral,Fewshot,7,0.0,0.18963351845741272,0.8103664815425873
243,Mistral,Fewshot,6,0.0839505732059479,0.28395057320594785,0.6320988535881042
244,Mistral,Fewshot,7,0.017316216230392478,0.21731621623039243,0.7653675675392151
245,Mistral,Fewshot,6,0.0,0.07213063538074493,0.9278693646192551
246,Mistral,Fewshot,6,0.0,0.11285755038261414,0.8871424496173859
247,Mistral,Fewshot,7,0.07357401549816134,0.2735740154981613,0.6528519690036774
248,Mistral,Fewshot,6,0.10922331511974337,0.4092233151197433,0.48155336976051333
249,Mistral,Fewshot,6,0.06783064603805544,0.2678306460380554,0.6643387079238892
250,Mistral,Fewshot,7,0.10781315863132479,0.4078131586313247,0.4843736827373505
251,Mistral,Fewshot,6,0.14400010704994204,0.7,0.15599989295005798
252,Mistral,Fewshot,7,0.0,0.13879254460334778,0.8612074553966522
253,Mistral,Fewshot,6,0.0,0.185105562210083,0.814894437789917
254,Mistral,Fewshot,6,0.06395364701747897,0.2639536470174789,0.6720927059650421
255,Mistral,Fewshot,7,0.128555902838707,0.7,0.17144409716129302
256,Mistral,Fewshot,5,0.0,0.09077337384223938,0.9092266261577606
257,Mistral,Fewshot,7,0.12021389007568362,0.42021389007568355,0.45957221984863283
258,Mistral,Fewshot,7,0.0010380089282989724,0.20103800892829893,0.7979239821434021
259,Mistral,Fewshot,7,0.0,0.18500909209251404,0.814990907907486
260,Mistral,Fewshot,7,0.08090659379959109,0.28090659379959104,0.6381868124008179
261,Mistral,Fewshot,7,0.0627786308526993,0.26277863085269926,0.6744427382946014
262,Mistral,Fewshot,7,0.01936597526073458,0.21936597526073454,0.7612680494785309
263,Mistral,Fewshot,7,0.0335365027189255,0.23353650271892545,0.732926994562149
264,Mistral,Fewshot,7,0.10097103714942934,0.4009710371494293,0.4980579257011414
265,Mistral,Fewshot,7,0.06299381852149966,0.2629938185214996,0.6740123629570007
266,Mistral,Fewshot,7,0.004538887739181541,0.2045388877391815,0.790922224521637
267,Mistral,Fewshot,7,0.12068263590335848,0.4206826359033584,0.4586347281932831
268,Mistral,Fewshot,7,0.14988603591918948,0.7,0.15011396408081054
269,Mistral,Fewshot,7,0.1217211723327637,0.4217211723327636,0.4565576553344727
270,Mistral,Fewshot,7,0.12517772018909457,0.7,0.17482227981090545
271,Mistral,Fewshot,7,0.11226164698600771,0.41226164698600765,0.47547670602798464
272,Mistral,Fewshot,7,0.14563543498516085,0.7,0.15436456501483917
273,Mistral,Fewshot,7,0.026168236136436485,0.22616823613643644,0.7476635277271271
274,Mistral,Fewshot,5,0.009095737338066123,0.20909573733806608,0.7818085253238678
275,Mistral,Fewshot,6,0.12356799244880678,0.4235679924488067,0.4528640151023865
276,Mistral,Fewshot,7,0.03958743214607241,0.23958743214607237,0.7208251357078552
277,Mistral,Fewshot,7,0.028630831837654136,0.2286308318376541,0.7427383363246918
278,Mistral,Fewshot,6,0.0,0.09765052795410156,0.9023494720458984
279,Mistral,Fewshot,7,0.1412693351507187,0.7,0.1587306648492813
280,Mistral,Fewshot,7,0.01527921259403231,0.21527921259403227,0.7694415748119354
281,Mistral,Fewshot,7,0.08685294687747958,0.28685294687747953,0.6262941062450409
282,Mistral,Fewshot,7,0.0,0.14062821865081787,0.8593717813491821
283,Mistral,Fewshot,6,0.0,0.10076773166656494,0.8992322683334351
284,Mistral,Fewshot,7,0.03726237416267397,0.23726237416267393,0.7254752516746521
285,Mistral,Fewshot,6,0.0,0.0354713499546051,0.9645286500453949
286,Mistral,Fewshot,7,0.10691861212253573,0.40691861212253566,0.4861627757549286
287,Mistral,Fewshot,7,0.0,0.06042703986167908,0.9395729601383209
288,Mistral,Fewshot,6,0.005182066559791587,0.20518206655979154,0.7896358668804169
289,Mistral,Fewshot,6,0.0,0.1378454566001892,0.8621545433998108
290,Mistral,Fewshot,7,0.04970856904983523,0.24970856904983518,0.7005828619003296
291,Mistral,Fewshot,7,0.11992191672325136,0.4199219167232513,0.46015616655349734
292,Mistral,Fewshot,7,0.12654952108860018,0.7,0.17345047891139984
293,Mistral,Fewshot,7,0.018814304471015952,0.2188143044710159,0.7623713910579681
294,Mistral,Fewshot,6,0.01589533090591433,0.21589533090591428,0.7682093381881714
295,Mistral,Fewshot,6,0.0,0.027657419443130493,0.9723425805568695
296,Mistral,Fewshot,7,0.1226446866989136,0.42264468669891353,0.4547106266021729
297,Mistral,Fewshot,7,0.06752231121063235,0.2675223112106323,0.6649553775787354
298,Mistral,Fewshot,6,0.0,0.06574636697769165,0.9342536330223083
299,Mistral,Fewshot,7,0.12724229097366335,0.7,0.17275770902633666
300,Mistral,Fewshot,7,0.03148741424083712,0.23148741424083707,0.7370251715183258
301,Mistral,Fewshot,6,0.0,0.09238606691360474,0.9076139330863953
302,Mistral,Fewshot,6,0.0,0.094317227602005,0.905682772397995
303,Mistral,Fewshot,6,0.1061097174882889,0.40610971748828883,0.48778056502342226
304,Mistral,Fewshot,6,0.1472299933433533,0.7,0.15277000665664672
305,Mistral,Fewshot,7,0.04956870675086977,0.24956870675086973,0.7008625864982605
306,Mistral,Fewshot,7,0.0,0.06704467535018921,0.9329553246498108
307,Mistral,Fewshot,7,0.0,0.09653317928314209,0.9034668207168579
308,Mistral,Fewshot,6,0.0,0.048421889543533325,0.9515781104564667
309,Mistral,Fewshot,7,0.04778389036655428,0.24778389036655424,0.7044322192668915
310,Mistral,Fewshot,7,0.0,0.12072566151618958,0.8792743384838104
311,Mistral,Fewshot,7,0.13951989412307741,0.7,0.1604801058769226
312,Mistral,Fewshot,7,0.14606131017208102,0.7,0.153938689827919
313,Mistral,Fewshot,7,0.1485075891017914,0.7,0.1514924108982086
314,Mistral,Fewshot,7,0.0,0.17385798692703247,0.8261420130729675
315,Mistral,Fewshot,7,0.10835569500923159,0.4083556950092315,0.4832886099815369
316,Mistral,Fewshot,6,0.0,0.0746803879737854,0.9253196120262146
317,Mistral,Fewshot,7,0.0,0.10993432998657227,0.8900656700134277
318,Mistral,Fewshot,6,0.0,0.05878785252571106,0.9412121474742889
319,Mistral,Fewshot,7,0.0,0.13882359862327576,0.8611764013767242
320,Mistral,Fewshot,7,0.09052097201347353,0.2905209720134735,0.618958055973053
321,Mistral,Fewshot,7,0.0,0.16404682397842407,0.8359531760215759
322,Mistral,Fewshot,7,0.08293823301792147,0.2829382330179214,0.6341235339641571
323,Mistral,Fewshot,7,0.046691113710403465,0.24669111371040342,0.7066177725791931
324,Mistral,Fewshot,6,0.0,0.06688594818115234,0.9331140518188477
325,Mistral,Fewshot,7,0.0024924516677856667,0.20249245166778562,0.7950150966644287
326,Mistral,Fewshot,7,0.05026222169399264,0.2502622216939926,0.6994755566120148
327,Mistral,Fewshot,6,0.006858268380165122,0.20685826838016508,0.7862834632396698
328,Mistral,Fewshot,6,0.14366924166679385,0.7,0.15633075833320617
329,Mistral,Fewshot,7,0.0,0.16790109872817993,0.8320989012718201
330,Mistral,Fewshot,10,0.03644202053546908,0.23644202053546903,0.7271159589290619
331,Mistral,Fewshot,7,0.0,0.15746337175369263,0.8425366282463074
332,Mistral,Fewshot,7,0.0762141287326813,0.27621412873268125,0.6475717425346375
333,Mistral,Fewshot,7,0.0,0.11034888029098511,0.8896511197090149
334,Mistral,Fewshot,6,0.07729669809341433,0.2772966980934143,0.6454066038131714
335,Mistral,Fewshot,6,0.0,0.11175143718719482,0.8882485628128052
336,Mistral,Fewshot,7,0.0,0.04657849669456482,0.9534215033054352
337,Mistral,Fewshot,7,0.0,0.1602802574634552,0.8397197425365448
338,Mistral,Fewshot,7,0.11596451103687289,0.4159645110368728,0.4680709779262543
339,Mistral,Fewshot,7,0.07993687093257906,0.279936870932579,0.6401262581348419
340,Mistral,Fewshot,7,0.09799123704433443,0.2979912370443344,0.6040175259113312
341,Mistral,Fewshot,6,0.008941465616226218,0.20894146561622617,0.7821170687675476
342,Mistral,Fewshot,6,0.0,0.03287121653556824,0.9671287834644318
343,Mistral,Fewshot,6,0.006781631708145164,0.20678163170814512,0.7864367365837097
344,Mistral,Fewshot,8,0.1001234441995621,0.40012344419956203,0.4997531116008759
345,Mistral,Fewshot,6,0.0,0.1293482780456543,0.8706517219543457
346,Mistral,Fewshot,7,0.12977386415004732,0.7,0.1702261358499527
347,Mistral,Fewshot,7,0.08748977780342104,0.287489777803421,0.625020444393158
348,Mistral,Fewshot,7,0.020878562331199668,0.22087856233119962,0.7582428753376007
349,Mistral,Fewshot,6,0.0071783900260925515,0.2071783900260925,0.7856432199478149
350,Mistral,Fewshot,10,0.0,0.15405499935150146,0.8459450006484985
351,Mistral,Fewshot,7,0.0018215864896774514,0.2018215864896774,0.7963568270206451
352,Mistral,Fewshot,7,0.0,0.16092482209205627,0.8390751779079437
353,Mistral,Fewshot,7,0.03089375197887423,0.23089375197887418,0.7382124960422516
354,Mistral,Fewshot,7,0.11124021708965304,0.41124021708965297,0.477519565820694
355,Mistral,Fewshot,6,0.14999551475048067,0.7,0.15000448524951934
356,Mistral,Fewshot,7,0.0,0.14898386597633362,0.8510161340236664
357,Mistral,Fewshot,7,0.006036737561225913,0.20603673756122587,0.7879265248775482
358,Mistral,Fewshot,7,0.047287830710411094,0.24728783071041105,0.7054243385791779
359,Mistral,Fewshot,8,0.12059991955757143,0.42059991955757137,0.4588001608848572
360,Mistral,Fewshot,6,0.059114480018615745,0.2591144800186157,0.6817710399627686
361,Mistral,Fewshot,7,0.0,0.04918259382247925,0.9508174061775208
362,Mistral,Fewshot,7,0.1311188578605652,0.7,0.1688811421394348
363,Mistral,Fewshot,7,0.08802629411220553,0.2880262941122055,0.623947411775589
364,Mistral,Fewshot,6,0.03813816010951998,0.23813816010951994,0.7237236797809601
365,Mistral,Fewshot,6,0.048763284087181114,0.24876328408718107,0.7024734318256378
366,Mistral,Fewshot,7,0.1138817757368088,0.41388177573680873,0.47223644852638247
367,Mistral,Fewshot,6,0.0,0.057223737239837646,0.9427762627601624
368,Mistral,Fewshot,7,0.14248145520687105,0.7,0.15751854479312896
369,Mistral,Fewshot,7,0.013444581627845786,0.21344458162784574,0.7731108367443085
370,Mistral,Fewshot,7,0.09951686263084414,0.2995168626308441,0.6009662747383118
371,Mistral,Fewshot,7,0.002211683988571189,0.20221168398857114,0.7955766320228577
372,Mistral,Fewshot,7,0.0,0.13238337635993958,0.8676166236400604
373,Mistral,Fewshot,7,0.0,0.17451608180999756,0.8254839181900024
374,Mistral,Fewshot,7,0.0,0.182541161775589,0.817458838224411
375,Mistral,Fewshot,7,0.0,0.1586402952671051,0.8413597047328949
376,Mistral,Fewshot,6,0.0,0.060275882482528687,0.9397241175174713
377,Mistral,Fewshot,7,0.0,0.09320664405822754,0.9067933559417725
378,Mistral,Fewshot,6,0.016055846214294456,0.2160558462142944,0.7678883075714111
379,Mistral,Fewshot,7,0.07390115559101107,0.273901155591011,0.6521976888179779
380,Mistral,Fewshot,7,0.0,0.0757022500038147,0.9242977499961853
381,Mistral,Fewshot,6,0.14424304068088534,0.7,0.15575695931911468
382,Mistral,Fewshot,7,0.021197968721389793,0.22119796872138975,0.7576040625572205
383,Mistral,Fewshot,6,0.14539712071418764,0.7,0.15460287928581237
384,Mistral,Fewshot,7,0.009962120652198814,0.20996212065219877,0.7800757586956024
385,Mistral,Fewshot,7,0.0,0.14361470937728882,0.8563852906227112
386,Mistral,Fewshot,7,0.04847126603126528,0.24847126603126524,0.7030574679374695
387,Mistral,Fewshot,10,0.0,0.019885718822479248,0.9801142811775208
388,Mistral,Fewshot,7,0.0826717257499695,0.28267172574996946,0.634656548500061
389,Mistral,Fewshot,7,0.015249723196029685,0.21524972319602964,0.7695005536079407
390,Mistral,Fewshot,6,0.04670550823211672,0.24670550823211668,0.7065889835357666
391,Mistral,Fewshot,6,0.0,0.06976081430912018,0.9302391856908798
392,Mistral,Fewshot,6,0.0,0.18652009963989258,0.8134799003601074
393,Mistral,Fewshot,7,0.14305251240730288,0.7,0.15694748759269714
394,Mistral,Fewshot,7,0.02086974084377291,0.22086974084377287,0.7582605183124542
395,Mistral,Fewshot,6,0.016007477045059226,0.21600747704505918,0.7679850459098816
396,Mistral,Fewshot,7,0.07816203832626345,0.2781620383262634,0.6436759233474731
397,Mistral,Fewshot,7,0.0,0.16984373331069946,0.8301562666893005
398,Mistral,Fewshot,6,0.0,0.060078173875808716,0.9399218261241913
399,Mistral,Fewshot,6,0.0,0.14595726132392883,0.8540427386760712
400,Mistral,Fewshot,6,0.01894001066684725,0.2189400106668472,0.7621199786663055
401,Mistral,Fewshot,7,0.016127878427505515,0.21612787842750547,0.767744243144989
402,Mistral,Fewshot,6,0.09424864649772646,0.2942486464977264,0.6115027070045471
403,Mistral,Fewshot,7,0.0,0.06696018576622009,0.9330398142337799
404,Mistral,Fewshot,7,0.12188808023929598,0.4218880802392959,0.4562238395214081
405,Mistral,Fewshot,7,0.09774182140827181,0.29774182140827177,0.6045163571834564
406,Mistral,Fewshot,7,0.0,0.1673789620399475,0.8326210379600525
407,Mistral,Fewshot,7,0.14995298683643343,0.7,0.15004701316356658
408,Mistral,Fewshot,7,0.014727973937988303,0.21472797393798826,0.7705440521240234
409,Mistral,Fewshot,7,0.06079118847846987,0.2607911884784698,0.6784176230430603
410,Mistral,Fewshot,6,0.0,0.19453570246696472,0.8054642975330353
411,Mistral,Fewshot,7,0.027821177244186424,0.22782117724418638,0.7443576455116272
412,Mistral,Fewshot,6,0.1363545596599579,0.7,0.1636454403400421
413,Mistral,Fewshot,7,0.14450026452541354,0.7,0.15549973547458648
414,Mistral,Fewshot,7,0.11941387653350832,0.41941387653350826,0.4611722469329834
415,Mistral,Fewshot,7,0.033938491344451927,0.23393849134445188,0.7321230173110962
416,Mistral,Fewshot,7,0.046505296230316184,0.24650529623031614,0.7069894075393677
417,Mistral,Fewshot,6,0.09326856732368471,0.29326856732368467,0.6134628653526306
418,Mistral,Fewshot,7,0.0,0.07923007011413574,0.9207699298858643
419,Mistral,Fewshot,7,0.030666106939315818,0.23066610693931577,0.7386677861213684
420,Mistral,Fewshot,7,0.06387189924716952,0.2638718992471695,0.672256201505661
421,Mistral,Fewshot,7,0.0,0.13287785649299622,0.8671221435070038
422,Mistral,Fewshot,7,0.0185688376426697,0.21856883764266966,0.7628623247146606
423,Mistral,Fewshot,6,0.0,0.1562328338623047,0.8437671661376953
424,Mistral,Fewshot,7,0.06357851028442385,0.2635785102844238,0.6728429794311523
425,Mistral,Fewshot,7,0.007062906026840232,0.2070629060268402,0.7858741879463196
426,Mistral,Fewshot,7,0.12378373146057131,0.42378373146057124,0.45243253707885744
427,Mistral,Fewshot,7,0.0,0.15247181057929993,0.8475281894207001
428,Mistral,Fewshot,6,0.12651915252208712,0.7,0.1734808474779129
429,Mistral,Fewshot,6,0.019773536920547508,0.21977353692054746,0.760452926158905
430,Mistral,Fewshot,6,0.14917712807655337,0.7,0.15082287192344665
431,Mistral,Fewshot,7,0.008187153935432456,0.2081871539354324,0.7836256921291351
432,Mistral,Fewshot,7,0.09886173307895663,0.2988617330789566,0.6022765338420868
433,Mistral,Fewshot,6,0.0,0.09783387184143066,0.9021661281585693
434,Mistral,Fewshot,7,0.10440463721752169,0.4044046372175216,0.4911907255649567
435,Mistral,Fewshot,7,0.026928895711898826,0.22692889571189878,0.7461422085762024
436,Mistral,Fewshot,7,0.0,0.1506473422050476,0.8493526577949524
437,Mistral,Fewshot,7,0.0,0.10537669062614441,0.8946233093738556
438,Mistral,Fewshot,6,0.0,0.16864082217216492,0.8313591778278351
439,Mistral,Fewshot,6,0.0528185158967972,0.25281851589679716,0.6943629682064056
440,Mistral,Fewshot,7,0.11880243718624117,0.4188024371862411,0.4623951256275177
441,Mistral,Fewshot,6,0.0,0.1513943374156952,0.8486056625843048
442,Mistral,Fewshot,7,0.0,0.16075760126113892,0.8392423987388611
443,Mistral,Fewshot,7,0.0,0.09536328911781311,0.9046367108821869
444,Mistral,Fewshot,7,0.13594851791858675,0.7,0.16405148208141326
445,Mistral,Fewshot,6,0.0159796863794327,0.21597968637943266,0.7680406272411346
446,Mistral,Fewshot,7,0.031777778267860435,0.2317777782678604,0.7364444434642792
447,Mistral,Fewshot,7,0.0,0.16495516896247864,0.8350448310375214
448,Mistral,Fewshot,6,0.0,0.17588424682617188,0.8241157531738281
449,Mistral,Fewshot,6,0.10096760988235476,0.4009676098823547,0.49806478023529055
450,Mistral,Fewshot,6,0.14255628883838656,0.7,0.15744371116161346
451,Mistral,Fewshot,7,0.1337036430835724,0.7,0.1662963569164276
452,Mistral,Fewshot,7,0.02652598321437838,0.22652598321437833,0.7469480335712433
453,Mistral,Fewshot,6,0.1483627945184708,0.7,0.15163720548152923
454,Mistral,Fewshot,7,0.0,0.1871667206287384,0.8128332793712616
455,Mistral,Fewshot,7,0.0,0.1486576497554779,0.8513423502445221
456,Mistral,Fewshot,6,0.007117712497711204,0.20711771249771116,0.7857645750045776
457,Mistral,Fewshot,7,0.0,0.16894802451133728,0.8310519754886627
458,Mistral,Fewshot,6,0.0,0.12083598971366882,0.8791640102863312
459,Mistral,Fewshot,7,0.09341498613357546,0.2934149861335754,0.6131700277328491
460,Mistral,Fewshot,8,0.04109441637992861,0.24109441637992857,0.7178111672401428
461,Mistral,Fewshot,10,0.008778715133667014,0.20877871513366697,0.782442569732666
462,Mistral,Fewshot,7,0.12330157458782198,0.4233015745878219,0.4533968508243561
463,Mistral,Fewshot,7,0.0,0.14806732535362244,0.8519326746463776
464,Mistral,Fewshot,7,0.0,0.1905037760734558,0.8094962239265442
465,Mistral,Fewshot,7,0.004612126946449302,0.20461212694644926,0.7907757461071014
466,Mistral,Fewshot,7,0.13586854338645937,0.7,0.16413145661354064
467,Mistral,Fewshot,7,0.02617684900760653,0.22617684900760648,0.747646301984787
468,Mistral,Fewshot,7,0.09427295029163363,0.2942729502916336,0.6114540994167328
469,Mistral,Fewshot,6,0.0,0.10757565498352051,0.8924243450164795
470,Mistral,Fewshot,7,0.0,0.1843147575855255,0.8156852424144745
471,Mistral,Fewshot,7,0.013346338272094749,0.2133463382720947,0.7733073234558105
472,Mistral,Fewshot,7,0.03997040688991549,0.23997040688991544,0.7200591862201691
473,Mistral,Fewshot,7,0.009508469700813316,0.20950846970081327,0.7809830605983734
474,Mistral,Fewshot,7,0.0,0.19421005249023438,0.8057899475097656
475,Mistral,Fewshot,7,0.0,0.17518043518066406,0.8248195648193359
476,Mistral,Fewshot,7,0.12884249687194826,0.7,0.17115750312805175
477,Mistral,Fewshot,6,0.13954854905605318,0.7,0.16045145094394683
478,Mistral,Fewshot,7,0.13218347132205965,0.7,0.16781652867794036
479,Mistral,Fewshot,7,0.0,0.19646555185317993,0.8035344481468201
480,Mistral,Fewshot,7,0.0,0.19125613570213318,0.8087438642978668
481,Mistral,Fewshot,7,0.03093724846839907,0.23093724846839903,0.7381255030632019
482,Mistral,Fewshot,7,0.09209723174571993,0.2920972317457199,0.6158055365085602
483,Mistral,Fewshot,7,0.10355165004730227,0.4035516500473022,0.49289669990539553
484,Mistral,Fewshot,7,0.013818079233169578,0.21381807923316953,0.7723638415336609
485,Mistral,Fewshot,7,0.0942114979028702,0.29421149790287016,0.6115770041942596
486,Mistral,Fewshot,6,0.0,0.15908554196357727,0.8409144580364227
487,Mistral,Fewshot,7,0.0321445554494858,0.23214455544948576,0.7357108891010284
488,Mistral,Fewshot,7,0.07772640287876131,0.27772640287876127,0.6445471942424774
489,Mistral,Fewshot,7,0.0,0.07377812266349792,0.9262218773365021
490,Mistral,Fewshot,7,0.07864708602428438,0.27864708602428434,0.6427058279514313
491,Mistral,Fewshot,7,0.1497733682394028,0.7,0.15022663176059722
492,Mistral,Fewshot,6,0.0,0.01633286476135254,0.9836671352386475
493,Mistral,Fewshot,7,0.0,0.1425413191318512,0.8574586808681488
