chain_id,model,method,num_emails,sentiment_neg,sentiment_neu,sentiment_pos
0,Deepseek,Zeroshot,7,0.106321656703949,0.40632165670394893,0.4873566865921021
1,Deepseek,Zeroshot,7,0.0412225663661957,0.24122256636619566,0.7175548672676086
2,Deepseek,Zeroshot,7,0.0,0.14839917421340942,0.8516008257865906
3,Deepseek,Zeroshot,7,0.1309776693582535,0.7,0.16902233064174652
4,Deepseek,Zeroshot,6,0.0,0.13505297899246216,0.8649470210075378
5,Deepseek,Zeroshot,7,0.012624019384384177,0.21262401938438413,0.7747519612312317
6,Deepseek,Zeroshot,6,0.10087663829326632,0.40087663829326625,0.49824672341346743
7,Deepseek,Zeroshot,7,0.06742566227912905,0.267425662279129,0.6651486754417419
8,Deepseek,Zeroshot,6,0.14601237475872042,0.7,0.1539876252412796
9,Deepseek,Zeroshot,6,0.0,0.09546831250190735,0.9045316874980927
10,Deepseek,Zeroshot,6,0.0980550140142441,0.29805501401424406,0.6038899719715118
11,Deepseek,Zeroshot,7,0.038426735997200034,0.2384267359972,0.7231465280056
12,Deepseek,Zeroshot,6,0.10810662209987643,0.40810662209987636,0.4837867558002472
13,Deepseek,Zeroshot,6,0.0,0.10215792059898376,0.8978420794010162
14,Deepseek,Zeroshot,6,0.0,0.13089171051979065,0.8691082894802094
15,Deepseek,Zeroshot,7,0.10954968035221102,0.40954968035221095,0.480900639295578
16,Deepseek,Zeroshot,7,0.0,0.06568220257759094,0.9343177974224091
17,Deepseek,Zeroshot,6,0.11467179059982302,0.41467179059982295,0.470656418800354
18,Deepseek,Zeroshot,7,0.08899205327033999,0.28899205327033994,0.6220158934593201
19,Deepseek,Zeroshot,6,0.1369695454835892,0.7,0.16303045451641082
20,Deepseek,Zeroshot,6,0.08186323344707491,0.28186323344707487,0.6362735331058502
21,Deepseek,Zeroshot,6,0.09413581490516665,0.2941358149051666,0.6117283701896667
22,Deepseek,Zeroshot,6,0.0,0.1403922736644745,0.8596077263355255
23,Deepseek,Zeroshot,7,0.1108106464147568,0.41081064641475673,0.4783787071704865
24,Deepseek,Zeroshot,7,0.1265787869691849,0.7,0.17342121303081512
25,Deepseek,Zeroshot,5,0.13974111676216128,0.7,0.16025888323783874
26,Deepseek,Zeroshot,7,0.09494812190532687,0.2949481219053268,0.6101037561893463
27,Deepseek,Zeroshot,6,0.0,0.11473912000656128,0.8852608799934387
28,Deepseek,Zeroshot,6,0.10693638920783999,0.4069363892078399,0.4861272215843201
29,Deepseek,Zeroshot,7,0.10581623911857607,0.405816239118576,0.4883675217628479
30,Deepseek,Zeroshot,6,0.13421937227249148,0.7,0.16578062772750854
31,Deepseek,Zeroshot,7,0.11495421230793001,0.41495421230792995,0.47009157538414004
32,Deepseek,Zeroshot,6,0.0,0.0978178083896637,0.9021821916103363
33,Deepseek,Zeroshot,7,0.11914723515510561,0.41914723515510555,0.46170552968978884
34,Deepseek,Zeroshot,6,0.07716541886329653,0.2771654188632965,0.645669162273407
35,Deepseek,Zeroshot,7,0.0,0.06345738470554352,0.9365426152944565
36,Deepseek,Zeroshot,7,0.11028852462768557,0.4102885246276855,0.47942295074462893
37,Deepseek,Zeroshot,7,0.12248807549476626,0.4224880754947662,0.45502384901046755
38,Deepseek,Zeroshot,7,0.09656504690647127,0.29656504690647123,0.6068699061870575
39,Deepseek,Zeroshot,6,0.10430704951286318,0.4043070495128631,0.4913859009742737
40,Deepseek,Zeroshot,7,0.05550227463245394,0.2555022746324539,0.6889954507350922
41,Deepseek,Zeroshot,7,0.10891836285591128,0.4089183628559112,0.4821632742881775
42,Deepseek,Zeroshot,7,0.13402619361877444,0.7,0.16597380638122558
43,Deepseek,Zeroshot,7,0.08411132693290713,0.2841113269329071,0.6317773461341858
44,Deepseek,Zeroshot,6,0.1265683859586716,0.7,0.17343161404132842
45,Deepseek,Zeroshot,7,0.07527838051319125,0.2752783805131912,0.6494432389736176
46,Deepseek,Zeroshot,6,0.08320132791996004,0.28320132791996,0.63359734416008
47,Deepseek,Zeroshot,6,0.017521032691001914,0.21752103269100187,0.7649579346179962
48,Deepseek,Zeroshot,7,0.07711193859577181,0.27711193859577177,0.6457761228084564
49,Deepseek,Zeroshot,7,0.08645504117012026,0.2864550411701202,0.6270899176597595
50,Deepseek,Zeroshot,6,0.1321421653032303,0.7,0.1678578346967697
51,Deepseek,Zeroshot,6,0.0014531999826431496,0.2014531999826431,0.7970936000347137
52,Deepseek,Zeroshot,7,0.02847457826137545,0.2284745782613754,0.7430508434772491
53,Deepseek,Zeroshot,7,0.11861191093921664,0.41861191093921657,0.4627761781215668
54,Deepseek,Zeroshot,6,0.08065162003040316,0.2806516200304031,0.6386967599391937
55,Deepseek,Zeroshot,7,0.0645644009113312,0.26456440091133115,0.6708711981773376
56,Deepseek,Zeroshot,7,0.11848255395889284,0.4184825539588928,0.4630348920822144
57,Deepseek,Zeroshot,6,0.05167559683322909,0.25167559683322904,0.6966488063335419
58,Deepseek,Zeroshot,7,0.0,0.12440496683120728,0.8755950331687927
59,Deepseek,Zeroshot,7,0.12917722165584566,0.7,0.17082277834415435
60,Deepseek,Zeroshot,6,0.09704733788967135,0.2970473378896713,0.6059053242206573
61,Deepseek,Zeroshot,5,0.017031425237655662,0.21703142523765562,0.7659371495246887
62,Deepseek,Zeroshot,7,0.025875502824783347,0.2258755028247833,0.7482489943504333
63,Deepseek,Zeroshot,7,0.058985555171966575,0.25898555517196653,0.6820288896560669
64,Deepseek,Zeroshot,5,0.11872562170028689,0.4187256217002868,0.4625487565994263
65,Deepseek,Zeroshot,7,0.0,0.03928875923156738,0.9607112407684326
66,Deepseek,Zeroshot,6,0.01530396342277529,0.21530396342277525,0.7693920731544495
67,Deepseek,Zeroshot,6,0.0,0.11332780122756958,0.8866721987724304
68,Deepseek,Zeroshot,6,0.024367013573646568,0.22436701357364652,0.7512659728527069
69,Deepseek,Zeroshot,5,0.0,0.06652718782424927,0.9334728121757507
70,Deepseek,Zeroshot,6,0.04775960147380831,0.24775960147380827,0.7044807970523834
71,Deepseek,Zeroshot,5,0.13149561882019045,0.7,0.16850438117980956
72,Deepseek,Zeroshot,6,0.10611192286014559,0.4061119228601455,0.4877761542797089
73,Deepseek,Zeroshot,6,0.08809436261653902,0.288094362616539,0.623811274766922
74,Deepseek,Zeroshot,7,0.12970977425575259,0.7,0.17029022574424743
75,Deepseek,Zeroshot,7,0.062050709128379844,0.2620507091283798,0.6758985817432404
76,Deepseek,Zeroshot,7,0.04794184267520907,0.24794184267520902,0.7041163146495819
77,Deepseek,Zeroshot,7,0.12151046991348269,0.4215104699134826,0.4569790601730347
78,Deepseek,Zeroshot,7,0.0,0.19404560327529907,0.8059543967247009
79,Deepseek,Zeroshot,7,0.0,0.13177010416984558,0.8682298958301544
80,Deepseek,Zeroshot,6,0.0,0.19863715767860413,0.8013628423213959
81,Deepseek,Zeroshot,6,0.0,0.15975680947303772,0.8402431905269623
82,Deepseek,Zeroshot,6,0.0,0.14387673139572144,0.8561232686042786
83,Deepseek,Zeroshot,5,0.07843668162822726,0.2784366816282272,0.6431266367435455
84,Deepseek,Zeroshot,5,0.11169593930244448,0.4116959393024444,0.4766081213951111
85,Deepseek,Zeroshot,7,0.14799890816211703,0.7,0.152001091837883
86,Deepseek,Zeroshot,6,0.10298209786415102,0.40298209786415096,0.494035804271698
87,Deepseek,Zeroshot,7,0.11487782895565035,0.4148778289556503,0.47024434208869936
88,Deepseek,Zeroshot,6,0.1306003272533417,0.7,0.16939967274665832
89,Deepseek,Zeroshot,6,0.12369445860385897,0.4236944586038589,0.4526110827922821
90,Deepseek,Zeroshot,6,0.08527238070964815,0.2852723807096481,0.6294552385807037
91,Deepseek,Zeroshot,7,0.0,0.02109357714653015,0.9789064228534698
92,Deepseek,Zeroshot,7,0.11069006621837618,0.4106900662183761,0.4786198675632477
93,Deepseek,Zeroshot,7,0.0,0.15552571415901184,0.8444742858409882
94,Deepseek,Zeroshot,7,0.1144598960876465,0.41445989608764644,0.47108020782470705
95,Deepseek,Zeroshot,7,0.11584492921829226,0.4158449292182922,0.46831014156341555
96,Deepseek,Zeroshot,6,0.13560628294944765,0.7,0.16439371705055236
97,Deepseek,Zeroshot,7,0.07510655522346499,0.27510655522346494,0.6497868895530701
98,Deepseek,Zeroshot,6,0.09066712260246279,0.29066712260246275,0.6186657547950745
99,Deepseek,Zeroshot,7,0.12327363491058352,0.42327363491058345,0.45345273017883303
100,Deepseek,Zeroshot,7,0.0,0.11699411273002625,0.8830058872699738
101,Deepseek,Zeroshot,7,0.04075577259063723,0.24075577259063718,0.7184884548187256
102,Deepseek,Zeroshot,7,0.03666120171546938,0.23666120171546934,0.7266775965690613
103,Deepseek,Zeroshot,6,0.13897635936737063,0.7,0.1610236406326294
104,Deepseek,Zeroshot,7,0.0,0.1214568018913269,0.8785431981086731
105,Deepseek,Zeroshot,7,0.006936633586883567,0.20693663358688352,0.7861267328262329
106,Deepseek,Zeroshot,5,0.13254530131816866,0.7,0.16745469868183135
107,Deepseek,Zeroshot,7,0.11564710140228274,0.41564710140228267,0.4687057971954346
108,Deepseek,Zeroshot,7,0.0706957817077637,0.27069578170776365,0.6586084365844727
109,Deepseek,Zeroshot,7,0.03821345567703249,0.23821345567703245,0.7235730886459351
110,Deepseek,Zeroshot,7,0.0,0.030302107334136963,0.969697892665863
111,Deepseek,Zeroshot,6,0.05877145528793337,0.2587714552879333,0.6824570894241333
112,Deepseek,Zeroshot,7,0.03939517736434939,0.23939517736434934,0.7212096452713013
113,Deepseek,Zeroshot,7,0.14798995256423952,0.7,0.1520100474357605
114,Deepseek,Zeroshot,7,0.0,0.04072651267051697,0.959273487329483
115,Deepseek,Zeroshot,6,0.06386334598064425,0.2638633459806442,0.6722733080387115
116,Deepseek,Zeroshot,7,0.0,0.14888350665569305,0.851116493344307
117,Deepseek,Zeroshot,7,0.09928485900163653,0.2992848590016365,0.601430281996727
118,Deepseek,Zeroshot,6,0.13457479476928713,0.7,0.16542520523071289
119,Deepseek,Zeroshot,6,0.04438565075397494,0.2443856507539749,0.7112286984920502
120,Deepseek,Zeroshot,7,0.09952200353145602,0.29952200353145597,0.600955992937088
121,Deepseek,Zeroshot,6,0.03334512710571291,0.23334512710571287,0.7333097457885742
122,Deepseek,Zeroshot,7,0.015652501583099387,0.21565250158309934,0.7686949968338013
123,Deepseek,Zeroshot,7,0.13200932145118716,0.7,0.16799067854881286
124,Deepseek,Zeroshot,7,0.0,0.196178138256073,0.803821861743927
125,Deepseek,Zeroshot,6,0.10880013704299929,0.4088001370429992,0.4823997259140015
126,Deepseek,Zeroshot,7,0.0,0.16801416873931885,0.8319858312606812
127,Deepseek,Zeroshot,7,0.13792093992233279,0.7,0.16207906007766723
128,Deepseek,Zeroshot,7,0.0,0.14954295754432678,0.8504570424556732
129,Deepseek,Zeroshot,7,0.02705168128013613,0.2270516812801361,0.7458966374397278
130,Deepseek,Zeroshot,7,0.06297906637191775,0.2629790663719177,0.6740418672561646
131,Deepseek,Zeroshot,5,0.14232822656631472,0.7,0.1576717734336853
132,Deepseek,Zeroshot,6,0.0,0.048299551010131836,0.9517004489898682
133,Deepseek,Zeroshot,5,0.04413338899612429,0.24413338899612425,0.7117332220077515
134,Deepseek,Zeroshot,7,0.01812672019004824,0.2181267201900482,0.7637465596199036
135,Deepseek,Zeroshot,7,0.12786089777946474,0.7,0.17213910222053527
136,Deepseek,Zeroshot,7,0.0,0.17355835437774658,0.8264416456222534
137,Deepseek,Zeroshot,6,0.1338768392801285,0.7,0.16612316071987152
138,Deepseek,Zeroshot,7,0.0,0.12308397889137268,0.8769160211086273
139,Deepseek,Zeroshot,6,0.0,0.027997374534606934,0.9720026254653931
140,Deepseek,Zeroshot,7,0.08365421891212466,0.2836542189121246,0.6326915621757507
141,Deepseek,Zeroshot,7,0.08968296051025393,0.2896829605102539,0.6206340789794922
142,Deepseek,Zeroshot,6,0.1283603996038437,0.7,0.1716396003961563
143,Deepseek,Zeroshot,7,0.03984654843807223,0.23984654843807218,0.7203069031238556
144,Deepseek,Zeroshot,7,0.08238064646720888,0.28238064646720884,0.6352387070655823
145,Deepseek,Zeroshot,6,0.1204985320568085,0.4204985320568084,0.4590029358863831
146,Deepseek,Zeroshot,7,0.0,0.049882352352142334,0.9501176476478577
147,Deepseek,Zeroshot,6,0.12379377484321596,0.4237937748432159,0.45241245031356814
148,Deepseek,Zeroshot,7,0.0,0.1559394896030426,0.8440605103969574
149,Deepseek,Zeroshot,6,0.04029483497142794,0.2402948349714279,0.7194103300571442
150,Deepseek,Zeroshot,7,0.09541648030281069,0.29541648030281065,0.6091670393943787
151,Deepseek,Zeroshot,6,0.11262633800506594,0.4126263380050659,0.4747473239898682
152,Deepseek,Zeroshot,6,0.12258943319320681,0.42258943319320674,0.45482113361358645
153,Deepseek,Zeroshot,6,0.050103464722633384,0.25010346472263334,0.6997930705547333
154,Deepseek,Zeroshot,7,0.03927518576383593,0.23927518576383588,0.7214496284723282
155,Deepseek,Zeroshot,6,0.062151604890823386,0.26215160489082334,0.6756967902183533
156,Deepseek,Zeroshot,7,0.13396588861942293,0.7,0.16603411138057708
157,Deepseek,Zeroshot,7,0.07745672166347506,0.277456721663475,0.6450865566730499
158,Deepseek,Zeroshot,6,0.09068852066993716,0.2906885206699371,0.6186229586601257
159,Deepseek,Zeroshot,7,0.13399555683135989,0.7,0.16600444316864013
160,Deepseek,Zeroshot,7,0.10298232138156893,0.40298232138156886,0.4940353572368622
161,Deepseek,Zeroshot,6,0.12550790011882784,0.7,0.17449209988117217
162,Deepseek,Zeroshot,6,0.08985795974731448,0.28985795974731443,0.6202840805053711
163,Deepseek,Zeroshot,6,0.08222406506538393,0.2822240650653839,0.6355518698692322
164,Deepseek,Zeroshot,7,0.08417206406593325,0.2841720640659332,0.6316558718681335
165,Deepseek,Zeroshot,7,0.0,0.12821096181869507,0.8717890381813049
166,Deepseek,Zeroshot,6,0.0,0.1561872959136963,0.8438127040863037
167,Deepseek,Zeroshot,7,0.07510896921157839,0.27510896921157835,0.6497820615768433
168,Deepseek,Zeroshot,7,0.13983617126941683,0.7,0.16016382873058319
169,Deepseek,Zeroshot,6,0.0,0.12894019484519958,0.8710598051548004
170,Deepseek,Zeroshot,7,0.0,0.05651748180389404,0.943482518196106
171,Deepseek,Zeroshot,5,0.01909034848213198,0.21909034848213194,0.7618193030357361
172,Deepseek,Zeroshot,6,0.12412921488285067,0.4241292148828506,0.45174157023429873
173,Deepseek,Zeroshot,7,0.005091407895088218,0.20509140789508817,0.7898171842098236
174,Deepseek,Zeroshot,7,0.05996207296848299,0.25996207296848295,0.6800758540630341
175,Deepseek,Zeroshot,7,0.13273593187332156,0.7,0.16726406812667846
176,Deepseek,Zeroshot,7,0.06297681629657748,0.26297681629657743,0.6740463674068451
177,Deepseek,Zeroshot,7,0.0906692683696747,0.29066926836967466,0.6186614632606506
178,Deepseek,Zeroshot,6,0.09452229142189028,0.29452229142189024,0.6109554171562195
179,Deepseek,Zeroshot,7,0.05526455640792849,0.25526455640792844,0.6894708871841431
180,Deepseek,Zeroshot,7,0.1227568328380585,0.4227568328380584,0.4544863343238831
181,Deepseek,Zeroshot,6,0.11601040661334994,0.41601040661334987,0.4679791867733002
182,Deepseek,Zeroshot,7,0.13867677152156832,0.7,0.1613232284784317
183,Deepseek,Zeroshot,6,0.040915587544441245,0.2409155875444412,0.7181688249111176
184,Deepseek,Zeroshot,6,0.0033738553524017556,0.2033738553524017,0.7932522892951965
185,Deepseek,Zeroshot,7,0.05146028995513918,0.25146028995513914,0.6970794200897217
186,Deepseek,Zeroshot,6,0.06897639632225039,0.26897639632225034,0.6620472073554993
187,Deepseek,Zeroshot,6,0.11167342364788058,0.4116734236478805,0.4766531527042389
188,Deepseek,Zeroshot,7,0.028500461578369163,0.22850046157836912,0.7429990768432617
189,Deepseek,Zeroshot,7,0.08435591459274294,0.2843559145927429,0.6312881708145142
190,Deepseek,Zeroshot,7,0.08206544220447543,0.2820654422044754,0.6358691155910492
191,Deepseek,Zeroshot,6,0.06595903038978579,0.26595903038978574,0.6680819392204285
192,Deepseek,Zeroshot,6,0.09075821340084078,0.29075821340084074,0.6184835731983185
193,Deepseek,Zeroshot,7,0.06479034721851351,0.26479034721851347,0.670419305562973
194,Deepseek,Zeroshot,6,0.14430909752845766,0.7,0.15569090247154235
195,Deepseek,Zeroshot,7,0.0,0.1890403926372528,0.8109596073627472
196,Deepseek,Zeroshot,7,0.0,0.09734928607940674,0.9026507139205933
197,Deepseek,Zeroshot,6,0.013491311669349693,0.21349131166934965,0.7730173766613007
198,Deepseek,Zeroshot,7,0.0,0.12601974606513977,0.8739802539348602
199,Deepseek,Zeroshot,7,0.13339912295341494,0.7,0.16660087704658508
200,Deepseek,Zeroshot,6,0.10419102907180788,0.4041910290718078,0.4916179418563843
201,Deepseek,Zeroshot,7,0.14039542675018313,0.7,0.1596045732498169
202,Deepseek,Zeroshot,5,0.1258233577013016,0.7,0.17417664229869842
203,Deepseek,Zeroshot,5,0.11792444586753847,0.4179244458675384,0.4641511082649231
204,Deepseek,Zeroshot,6,0.11793970465660097,0.4179397046566009,0.4641205906867981
205,Deepseek,Zeroshot,6,0.12337076067924502,0.42337076067924495,0.45325847864151003
206,Deepseek,Zeroshot,7,0.0,0.09733766317367554,0.9026623368263245
207,Deepseek,Zeroshot,7,0.0027544885873794778,0.20275448858737943,0.7944910228252411
208,Deepseek,Zeroshot,7,0.0653791815042496,0.26537918150424955,0.6692416369915009
209,Deepseek,Zeroshot,7,0.09531722366809847,0.2953172236680984,0.6093655526638031
210,Deepseek,Zeroshot,7,0.0,0.16269168257713318,0.8373083174228668
211,Deepseek,Zeroshot,7,0.14590793251991274,0.7,0.15409206748008727
212,Deepseek,Zeroshot,6,0.05127915143966677,0.2512791514396667,0.6974416971206665
213,Deepseek,Zeroshot,6,0.14145908653736117,0.7,0.15854091346263885
214,Deepseek,Zeroshot,6,0.06518847644329073,0.2651884764432907,0.6696230471134186
215,Deepseek,Zeroshot,7,0.02133869528770449,0.22133869528770445,0.7573226094245911
216,Deepseek,Zeroshot,7,0.036730849742889427,0.23673084974288938,0.7265383005142212
217,Deepseek,Zeroshot,7,0.1341061979532242,0.7,0.1658938020467758
218,Deepseek,Zeroshot,6,0.0,0.11965340375900269,0.8803465962409973
219,Deepseek,Zeroshot,7,0.09359454512596133,0.2935945451259613,0.6128109097480774
220,Deepseek,Zeroshot,6,0.09795879721641543,0.2979587972164154,0.6040824055671692
221,Deepseek,Zeroshot,7,0.12067880630493166,0.4206788063049316,0.45864238739013674
222,Deepseek,Zeroshot,6,0.13675088584423067,0.7,0.16324911415576934
223,Deepseek,Zeroshot,6,0.0919853985309601,0.29198539853096006,0.6160292029380798
224,Deepseek,Zeroshot,6,0.05504661202430727,0.25504661202430723,0.6899067759513855
225,Deepseek,Zeroshot,7,0.07429399490356448,0.27429399490356443,0.6514120101928711
226,Deepseek,Zeroshot,6,0.11592678129673006,0.41592678129673,0.46814643740653994
227,Deepseek,Zeroshot,7,0.11768954396247866,0.4176895439624786,0.46462091207504275
228,Deepseek,Zeroshot,6,0.0,0.17979663610458374,0.8202033638954163
229,Deepseek,Zeroshot,7,0.0,0.17787232995033264,0.8221276700496674
230,Deepseek,Zeroshot,6,0.0,0.17960309982299805,0.820396900177002
231,Deepseek,Zeroshot,7,0.13744510114192965,0.7,0.16255489885807037
232,Deepseek,Zeroshot,7,0.12618773579597475,0.7,0.17381226420402526
233,Deepseek,Zeroshot,6,0.12483795881271365,0.4248379588127136,0.4503240823745728
234,Deepseek,Zeroshot,6,0.13201078176498415,0.7,0.16798921823501586
235,Deepseek,Zeroshot,6,0.1205939590930939,0.4205939590930938,0.4588120818138123
236,Deepseek,Zeroshot,7,0.0,0.15107589960098267,0.8489241003990173
237,Deepseek,Zeroshot,7,0.09384846091270449,0.29384846091270445,0.6123030781745911
238,Deepseek,Zeroshot,6,0.10283879339694979,0.4028387933969497,0.4943224132061005
239,Deepseek,Zeroshot,7,0.0,0.16082260012626648,0.8391773998737335
240,Deepseek,Zeroshot,7,0.0831096261739731,0.28310962617397306,0.6337807476520538
241,Deepseek,Zeroshot,6,0.07810504138469698,0.27810504138469694,0.6437899172306061
242,Deepseek,Zeroshot,7,0.13310561478137972,0.7,0.1668943852186203
243,Deepseek,Zeroshot,5,0.11469564735889437,0.4146956473588943,0.4706087052822113
244,Deepseek,Zeroshot,7,0.01918744444847109,0.21918744444847105,0.7616251111030579
245,Deepseek,Zeroshot,7,0.13630234599113467,0.7,0.16369765400886535
246,Deepseek,Zeroshot,6,0.0,0.0416700541973114,0.9583299458026886
247,Deepseek,Zeroshot,7,0.05697142481803896,0.2569714248180389,0.6860571503639221
248,Deepseek,Zeroshot,7,0.0,0.035801202058792114,0.9641987979412079
249,Deepseek,Zeroshot,7,0.003923648595809959,0.20392364859580991,0.7921527028083801
250,Deepseek,Zeroshot,7,0.0,0.06440788507461548,0.9355921149253845
251,Deepseek,Zeroshot,7,0.1250887751579285,0.7,0.17491122484207153
252,Deepseek,Zeroshot,6,0.12839231789112093,0.7,0.17160768210887908
253,Deepseek,Zeroshot,6,0.009244301915168784,0.20924430191516874,0.7815113961696625
254,Deepseek,Zeroshot,7,0.016976782679557822,0.21697678267955778,0.7660464346408844
255,Deepseek,Zeroshot,6,0.0,0.046449482440948486,0.9535505175590515
256,Deepseek,Zeroshot,6,0.0,0.022852599620819092,0.9771474003791809
257,Deepseek,Zeroshot,7,0.13466458916664126,0.7,0.16533541083335876
258,Deepseek,Zeroshot,6,0.0,0.04206332564353943,0.9579366743564606
259,Deepseek,Zeroshot,6,0.0,0.11476168036460876,0.8852383196353912
260,Deepseek,Zeroshot,6,0.1284515053033829,0.7,0.17154849469661712
261,Deepseek,Zeroshot,6,0.08276092410087588,0.28276092410087583,0.6344781517982483
262,Deepseek,Zeroshot,7,0.030563542246818565,0.23056354224681852,0.7388729155063629
263,Deepseek,Zeroshot,6,0.10073345303535464,0.40073345303535457,0.4985330939292908
264,Deepseek,Zeroshot,7,0.05108598768711092,0.2510859876871109,0.6978280246257782
265,Deepseek,Zeroshot,7,0.13031044006347658,0.7,0.16968955993652343
266,Deepseek,Zeroshot,6,0.1306746542453766,0.7,0.1693253457546234
267,Deepseek,Zeroshot,6,0.12522453963756563,0.7,0.17477546036243438
268,Deepseek,Zeroshot,7,0.04265389740467074,0.2426538974046707,0.7146922051906586
269,Deepseek,Zeroshot,6,0.0,0.10465890169143677,0.8953410983085632
270,Deepseek,Zeroshot,7,0.023029857873916648,0.2230298578739166,0.7539402842521667
271,Deepseek,Zeroshot,7,0.02767779827117922,0.22767779827117918,0.7446444034576416
272,Deepseek,Zeroshot,7,0.012633913755416892,0.21263391375541685,0.7747321724891663
273,Deepseek,Zeroshot,7,0.06571182012557986,0.2657118201255798,0.6685763597488403
274,Deepseek,Zeroshot,6,0.0,0.06938746571540833,0.9306125342845917
275,Deepseek,Zeroshot,7,0.07529086768627169,0.27529086768627165,0.6494182646274567
276,Deepseek,Zeroshot,7,0.11528162062168124,0.41528162062168117,0.4694367587566376
277,Deepseek,Zeroshot,7,0.09072782993316653,0.2907278299331665,0.618544340133667
278,Deepseek,Zeroshot,6,0.05875174105167391,0.25875174105167387,0.6824965178966522
279,Deepseek,Zeroshot,6,0.10513215661048891,0.40513215661048885,0.48973568677902224
280,Deepseek,Zeroshot,7,0.13969896137714388,0.7,0.16030103862285613
281,Deepseek,Zeroshot,7,0.031459593772888206,0.23145959377288816,0.7370808124542236
282,Deepseek,Zeroshot,6,0.1343679964542389,0.7,0.1656320035457611
283,Deepseek,Zeroshot,7,0.09707302749156954,0.2970730274915695,0.605853945016861
284,Deepseek,Zeroshot,6,0.0,0.016544371843338013,0.983455628156662
285,Deepseek,Zeroshot,7,0.09027422368526461,0.29027422368526457,0.6194515526294708
286,Deepseek,Zeroshot,6,0.09383068382740023,0.2938306838274002,0.6123386323451996
287,Deepseek,Zeroshot,7,0.13378087580204012,0.7,0.1662191241979599
288,Deepseek,Zeroshot,7,0.014056587219238303,0.21405658721923826,0.7718868255615234
289,Deepseek,Zeroshot,7,0.08643933534622195,0.2864393353462219,0.6271213293075562
290,Deepseek,Zeroshot,6,0.10018748939037325,0.4001874893903732,0.49962502121925356
291,Deepseek,Zeroshot,7,0.06151246428489687,0.26151246428489683,0.6769750714302063
292,Deepseek,Zeroshot,7,0.12930127382278445,0.7,0.17069872617721557
293,Deepseek,Zeroshot,6,0.0,0.06694230437278748,0.9330576956272125
294,Deepseek,Zeroshot,6,0.0,0.09225603938102722,0.9077439606189728
295,Deepseek,Zeroshot,6,0.1375830113887787,0.7,0.1624169886112213
296,Deepseek,Zeroshot,6,0.1255338877439499,0.7,0.1744661122560501
297,Deepseek,Zeroshot,7,0.0,0.11435702443122864,0.8856429755687714
298,Deepseek,Zeroshot,6,0.0,0.1860066056251526,0.8139933943748474
299,Deepseek,Zeroshot,7,0.0,0.06912913918495178,0.9308708608150482
300,Deepseek,Zeroshot,6,0.1325933873653412,0.7,0.1674066126346588
301,Deepseek,Zeroshot,7,0.1452831715345383,0.7,0.15471682846546173
302,Deepseek,Zeroshot,6,0.13023208975791933,0.7,0.16976791024208068
303,Deepseek,Zeroshot,7,0.10884208381175997,0.4088420838117599,0.4823158323764801
304,Deepseek,Zeroshot,7,0.12627307474613192,0.7,0.1737269252538681
305,Deepseek,Zeroshot,7,0.11010199189186098,0.4101019918918609,0.4797960162162781
306,Deepseek,Zeroshot,7,0.07202703654766085,0.2720270365476608,0.6559459269046783
307,Deepseek,Zeroshot,6,0.0,0.08179089426994324,0.9182091057300568
308,Deepseek,Zeroshot,7,0.05759098529815676,0.2575909852981567,0.6848180294036865
309,Deepseek,Zeroshot,7,0.0,0.06543934345245361,0.9345606565475464
310,Deepseek,Zeroshot,7,0.07988532781600954,0.2798853278160095,0.640229344367981
311,Deepseek,Zeroshot,6,0.11148575842380526,0.4114857584238052,0.47702848315238955
312,Deepseek,Zeroshot,6,0.0,0.04974648356437683,0.9502535164356232
313,Deepseek,Zeroshot,7,0.009937146306037925,0.20993714630603788,0.7801257073879242
314,Deepseek,Zeroshot,7,0.0014864593744278176,0.20148645937442777,0.7970270812511444
315,Deepseek,Zeroshot,7,0.11831271052360537,0.4183127105236053,0.46337457895278933
316,Deepseek,Zeroshot,6,0.13342816531658175,0.7,0.16657183468341827
317,Deepseek,Zeroshot,6,0.03708236813545229,0.23708236813545225,0.7258352637290955
318,Deepseek,Zeroshot,5,0.1224455773830414,0.42244557738304134,0.45510884523391726
319,Deepseek,Zeroshot,6,0.1026307284832001,0.40263072848320003,0.4947385430335999
320,Deepseek,Zeroshot,6,0.11625302731990816,0.4162530273199081,0.46749394536018374
321,Deepseek,Zeroshot,6,0.0,0.13404548168182373,0.8659545183181763
322,Deepseek,Zeroshot,7,0.0,0.024566739797592163,0.9754332602024078
323,Deepseek,Zeroshot,6,0.11502174437046053,0.41502174437046047,0.469956511259079
324,Deepseek,Zeroshot,6,0.08819043040275576,0.2881904304027557,0.6236191391944885
325,Deepseek,Zeroshot,5,0.05515860915184023,0.2551586091518402,0.6896827816963196
326,Deepseek,Zeroshot,7,0.08174335360527041,0.28174335360527036,0.6365132927894592
327,Deepseek,Zeroshot,7,0.1099062502384186,0.40990625023841853,0.48018749952316286
328,Deepseek,Zeroshot,6,0.0742660850286484,0.27426608502864835,0.6514678299427032
329,Deepseek,Zeroshot,7,0.1257514148950577,0.7,0.17424858510494232
330,Deepseek,Zeroshot,7,0.10778647065162661,0.40778647065162654,0.48442705869674685
331,Deepseek,Zeroshot,6,0.10931082963943484,0.40931082963943477,0.4813783407211304
332,Deepseek,Zeroshot,7,0.14069806933403017,0.7,0.15930193066596984
333,Deepseek,Zeroshot,7,0.05520967543125155,0.2552096754312515,0.689580649137497
334,Deepseek,Zeroshot,5,0.07028489708900454,0.2702848970890045,0.659430205821991
335,Deepseek,Zeroshot,6,0.10006227493286135,0.4000622749328613,0.49987545013427737
336,Deepseek,Zeroshot,7,0.10222166180610659,0.4022216618061065,0.4955566763877869
337,Deepseek,Zeroshot,7,0.013516688346862815,0.21351668834686277,0.7729666233062744
338,Deepseek,Zeroshot,6,0.12353515028953554,0.4235351502895355,0.452929699420929
339,Deepseek,Zeroshot,7,0.0,0.022897452116012573,0.9771025478839874
340,Deepseek,Zeroshot,7,0.01907114088535311,0.21907114088535307,0.7618577182292938
341,Deepseek,Zeroshot,7,0.0909737139940262,0.29097371399402616,0.6180525720119476
342,Deepseek,Zeroshot,6,0.08727830052375796,0.2872783005237579,0.6254433989524841
343,Deepseek,Zeroshot,7,0.11473690867424013,0.41473690867424007,0.4705261826515198
344,Deepseek,Zeroshot,6,0.08826812505722048,0.28826812505722044,0.6234637498855591
345,Deepseek,Zeroshot,7,0.13920205235481264,0.7,0.16079794764518737
346,Deepseek,Zeroshot,6,0.1266003489494324,0.7,0.17339965105056762
347,Deepseek,Zeroshot,6,0.08142254650592806,0.281422546505928,0.6371549069881439
348,Deepseek,Zeroshot,6,0.14264131486415865,0.7,0.15735868513584136
349,Deepseek,Zeroshot,7,0.14449419975280764,0.7,0.15550580024719238
350,Deepseek,Zeroshot,7,0.12620534896850588,0.7,0.17379465103149414
351,Deepseek,Zeroshot,7,0.13002915084362032,0.7,0.1699708491563797
352,Deepseek,Zeroshot,7,0.051531442999839805,0.25153144299983976,0.6969371140003204
353,Deepseek,Zeroshot,7,0.08139626085758211,0.28139626085758207,0.6372074782848358
354,Deepseek,Zeroshot,7,0.0,0.18448039889335632,0.8155196011066437
355,Deepseek,Zeroshot,7,0.0,0.15124550461769104,0.848754495382309
356,Deepseek,Zeroshot,7,0.0,0.19590771198272705,0.804092288017273
357,Deepseek,Zeroshot,7,0.12594647109508517,0.7,0.17405352890491485
358,Deepseek,Zeroshot,7,0.02676505744457247,0.22676505744457243,0.7464698851108551
359,Deepseek,Zeroshot,7,0.06916389763355257,0.26916389763355253,0.6616722047328949
360,Deepseek,Zeroshot,6,0.047862553596496604,0.24786255359649656,0.7042748928070068
361,Deepseek,Zeroshot,6,0.08002077937126162,0.2800207793712616,0.6399584412574768
362,Deepseek,Zeroshot,7,0.0858664005994797,0.28586640059947965,0.6282671988010406
363,Deepseek,Zeroshot,7,0.06771523654460909,0.26771523654460905,0.6645695269107819
364,Deepseek,Zeroshot,7,0.05847243368625643,0.2584724336862564,0.6830551326274872
365,Deepseek,Zeroshot,6,0.12710496187210085,0.7,0.17289503812789916
366,Deepseek,Zeroshot,5,0.13279432952404024,0.7,0.16720567047595977
367,Deepseek,Zeroshot,7,0.04489354193210604,0.244893541932106,0.710212916135788
368,Deepseek,Zeroshot,6,0.0,0.010012775659561157,0.9899872243404388
369,Deepseek,Zeroshot,7,0.0,0.052264511585235596,0.9477354884147644
370,Deepseek,Zeroshot,6,0.11400509774684908,0.414005097746849,0.4719898045063019
371,Deepseek,Zeroshot,7,0.12917163372039797,0.7,0.17082836627960205
372,Deepseek,Zeroshot,6,0.13238812386989596,0.7,0.16761187613010406
373,Deepseek,Zeroshot,7,0.13141673207283022,0.7,0.1685832679271698
374,Deepseek,Zeroshot,7,0.0,0.1362338662147522,0.8637661337852478
375,Deepseek,Zeroshot,7,0.10827804505825045,0.4082780450582504,0.48344390988349917
376,Deepseek,Zeroshot,7,0.14204453825950625,0.7,0.15795546174049377
377,Deepseek,Zeroshot,7,0.01404317617416384,0.2140431761741638,0.7719136476516724
378,Deepseek,Zeroshot,7,0.04185862243175509,0.24185862243175504,0.7162827551364899
379,Deepseek,Zeroshot,7,0.1271823585033417,0.7,0.17281764149665832
380,Deepseek,Zeroshot,6,0.10015425980091097,0.4001542598009109,0.4996914803981781
381,Deepseek,Zeroshot,7,0.10503510534763338,0.4050351053476333,0.4899297893047333
382,Deepseek,Zeroshot,6,0.0,0.1029113233089447,0.8970886766910553
383,Deepseek,Zeroshot,6,0.12541370987892153,0.7,0.17458629012107849
384,Deepseek,Zeroshot,5,0.07142732441425326,0.2714273244142532,0.6571453511714935
385,Deepseek,Zeroshot,7,0.07789287865161898,0.27789287865161894,0.6442142426967621
386,Deepseek,Zeroshot,7,0.012870998680591605,0.21287099868059156,0.7742580026388168
387,Deepseek,Zeroshot,7,0.09292372465133669,0.29292372465133665,0.6141525506973267
388,Deepseek,Zeroshot,5,0.05819603204727175,0.2581960320472717,0.6836079359054565
389,Deepseek,Zeroshot,7,0.0388499438762665,0.23884994387626646,0.722300112247467
390,Deepseek,Zeroshot,6,0.0772483289241791,0.27724832892417905,0.6455033421516418
391,Deepseek,Zeroshot,7,0.07949011921882632,0.27949011921882627,0.6410197615623474
392,Deepseek,Zeroshot,7,0.019379907846450828,0.21937990784645078,0.7612401843070984
393,Deepseek,Zeroshot,7,0.11784242987632754,0.41784242987632747,0.464315140247345
394,Deepseek,Zeroshot,7,0.12184659540653231,0.42184659540653224,0.45630680918693545
395,Deepseek,Zeroshot,6,0.0,0.14621517062187195,0.853784829378128
396,Deepseek,Zeroshot,6,0.1297746539115906,0.7,0.17022534608840942
397,Deepseek,Zeroshot,7,0.0,0.09562700986862183,0.9043729901313782
398,Deepseek,Zeroshot,7,0.11007432043552401,0.41007432043552394,0.47985135912895205
399,Deepseek,Zeroshot,7,0.0,0.14991089701652527,0.8500891029834747
400,Deepseek,Zeroshot,7,0.10734849572181704,0.40734849572181697,0.485303008556366
401,Deepseek,Zeroshot,7,0.07507572472095492,0.2750757247209549,0.6498485505580902
402,Deepseek,Zeroshot,7,0.027271980047225974,0.22727198004722593,0.7454560399055481
403,Deepseek,Zeroshot,6,0.0459707170724869,0.24597071707248686,0.7080585658550262
404,Deepseek,Zeroshot,7,0.13492014408111574,0.7,0.16507985591888427
405,Deepseek,Zeroshot,7,0.08830816447734835,0.2883081644773483,0.6233836710453033
406,Deepseek,Zeroshot,7,0.0,0.00717964768409729,0.9928203523159027
407,Deepseek,Zeroshot,7,0.11001662313938143,0.41001662313938136,0.4799667537212372
408,Deepseek,Zeroshot,7,0.0,0.10091859102249146,0.8990814089775085
409,Deepseek,Zeroshot,7,0.004705519974231742,0.2047055199742317,0.7905889600515366
410,Deepseek,Zeroshot,6,0.0452821344137192,0.24528213441371916,0.7094357311725616
411,Deepseek,Zeroshot,7,0.12248566150665285,0.4224856615066528,0.45502867698669436
412,Deepseek,Zeroshot,6,0.04796008169651034,0.2479600816965103,0.7040798366069794
413,Deepseek,Zeroshot,7,0.028475412726402305,0.22847541272640226,0.7430491745471954
414,Deepseek,Zeroshot,6,0.11303822100162508,0.413038221001625,0.4739235579967499
415,Deepseek,Zeroshot,7,0.11334524452686312,0.41334524452686305,0.4733095109462738
416,Deepseek,Zeroshot,7,0.0,0.13251671195030212,0.8674832880496979
417,Deepseek,Zeroshot,6,0.09723570346832278,0.29723570346832273,0.6055285930633545
418,Deepseek,Zeroshot,6,0.04820392429828646,0.24820392429828642,0.7035921514034271
419,Deepseek,Zeroshot,6,0.06952049732208254,0.2695204973220825,0.660959005355835
420,Deepseek,Zeroshot,6,0.12202642261981966,0.4220264226198196,0.45594715476036074
421,Deepseek,Zeroshot,6,0.11842244267463686,0.4184224426746368,0.46315511465072634
422,Deepseek,Zeroshot,7,0.0,0.0505615770816803,0.9494384229183197
423,Deepseek,Zeroshot,7,0.0,0.17819195985794067,0.8218080401420593
424,Deepseek,Zeroshot,7,0.09257631897926333,0.2925763189792633,0.6148473620414734
425,Deepseek,Zeroshot,7,0.06442649066448214,0.2644264906644821,0.6711470186710358
426,Deepseek,Zeroshot,7,0.06231749951839449,0.26231749951839445,0.6753650009632111
427,Deepseek,Zeroshot,6,0.0,0.16492071747779846,0.8350792825222015
428,Deepseek,Zeroshot,6,0.07809633910655978,0.27809633910655973,0.6438073217868805
429,Deepseek,Zeroshot,7,0.0,0.011735022068023682,0.9882649779319763
430,Deepseek,Zeroshot,7,0.02184102833271029,0.22184102833271024,0.7563179433345795
431,Deepseek,Zeroshot,6,0.06561415791511538,0.26561415791511533,0.6687716841697693
432,Deepseek,Zeroshot,7,0.14810792505741122,0.7,0.1518920749425888
433,Deepseek,Zeroshot,6,0.09566360116004946,0.2956636011600494,0.6086727976799011
434,Deepseek,Zeroshot,6,0.10482064783573153,0.40482064783573146,0.490358704328537
435,Deepseek,Zeroshot,6,0.0,0.08608001470565796,0.913919985294342
436,Deepseek,Zeroshot,6,0.11185861527919772,0.41185861527919765,0.47628276944160464
437,Deepseek,Zeroshot,7,0.1306536287069321,0.7,0.16934637129306793
438,Deepseek,Zeroshot,7,0.08920333683490755,0.2892033368349075,0.6215933263301849
439,Deepseek,Zeroshot,7,0.09588558375835421,0.29588558375835416,0.6082288324832916
440,Deepseek,Zeroshot,6,0.06817988455295565,0.2681798845529556,0.6636402308940887
441,Deepseek,Zeroshot,6,0.11551539003849032,0.41551539003849025,0.46896921992301943
442,Deepseek,Zeroshot,5,0.12019751369953158,0.4201975136995315,0.4596049726009369
443,Deepseek,Zeroshot,7,0.08421334028244021,0.28421334028244016,0.6315733194351196
444,Deepseek,Zeroshot,7,0.08990361690521242,0.2899036169052124,0.6201927661895752
445,Deepseek,Zeroshot,7,0.11717490255832674,0.4171749025583267,0.4656501948833466
446,Deepseek,Zeroshot,7,0.12330215573310854,0.4233021557331085,0.453395688533783
447,Deepseek,Zeroshot,7,0.08004293739795687,0.2800429373979568,0.6399141252040863
448,Deepseek,Zeroshot,6,0.14040123820304873,0.7,0.1595987617969513
449,Deepseek,Zeroshot,5,0.0960892826318741,0.29608928263187406,0.6078214347362518
450,Deepseek,Zeroshot,6,0.04264313876628878,0.24264313876628874,0.7147137224674225
451,Deepseek,Zeroshot,6,0.033613169193267844,0.2336131691932678,0.7327736616134644
452,Deepseek,Zeroshot,6,0.10062863826751711,0.40062863826751705,0.49874272346496584
453,Deepseek,Zeroshot,7,0.1142269164323807,0.41422691643238063,0.47154616713523867
454,Deepseek,Zeroshot,6,0.12997304797172549,0.7,0.17002695202827453
455,Deepseek,Zeroshot,6,0.0,0.14898791909217834,0.8510120809078217
456,Deepseek,Zeroshot,7,0.031867855787277244,0.2318678557872772,0.7362642884254456
457,Deepseek,Zeroshot,7,0.004424782097339652,0.2044247820973396,0.7911504358053207
458,Deepseek,Zeroshot,6,0.13748196661472323,0.7,0.1625180333852768
459,Deepseek,Zeroshot,7,0.05187196433544161,0.25187196433544157,0.6962560713291168
460,Deepseek,Zeroshot,7,0.0,0.06981697678565979,0.9301830232143402
461,Deepseek,Zeroshot,5,0.1328367978334427,0.7,0.1671632021665573
462,Deepseek,Zeroshot,5,0.04444176852703097,0.24444176852703092,0.7111164629459381
463,Deepseek,Zeroshot,6,0.09734860956668856,0.2973486095666885,0.6053027808666229
464,Deepseek,Zeroshot,6,0.12096884250640871,0.42096884250640865,0.45806231498718264
465,Deepseek,Zeroshot,7,0.09261816143989565,0.2926181614398956,0.6147636771202087
466,Deepseek,Zeroshot,6,0.13358139395713808,0.7,0.16641860604286193
467,Deepseek,Zeroshot,7,0.0,0.19666415452957153,0.8033358454704285
468,Deepseek,Zeroshot,6,0.057354146242141746,0.2573541462421417,0.6852917075157166
469,Deepseek,Zeroshot,7,0.12190463542938235,0.4219046354293823,0.4561907291412354
470,Deepseek,Zeroshot,6,0.0,0.07173353433609009,0.9282664656639099
471,Deepseek,Zeroshot,7,0.09324111938476565,0.2932411193847656,0.6135177612304688
472,Deepseek,Zeroshot,6,0.1321560084819794,0.7,0.16784399151802062
473,Deepseek,Zeroshot,7,0.11527366340160372,0.41527366340160365,0.4694526731967926
474,Deepseek,Zeroshot,7,0.13062652349472048,0.7,0.16937347650527954
475,Deepseek,Zeroshot,6,0.09974966347217562,0.2997496634721756,0.6005006730556488
476,Deepseek,Zeroshot,6,0.13392170667648318,0.7,0.16607829332351684
477,Deepseek,Zeroshot,7,0.026640453934669517,0.22664045393466947,0.746719092130661
478,Deepseek,Zeroshot,5,0.13154182732105257,0.7,0.16845817267894744
479,Deepseek,Zeroshot,7,0.07423681914806368,0.27423681914806364,0.6515263617038727
480,Deepseek,Zeroshot,7,0.11870580315589907,0.418705803155899,0.4625883936882019
481,Deepseek,Zeroshot,6,0.13241023719310763,0.7,0.1675897628068924
482,Deepseek,Zeroshot,5,0.1292343080043793,0.7,0.17076569199562072
483,Deepseek,Zeroshot,7,0.08518346548080447,0.2851834654808044,0.6296330690383911
484,Deepseek,Zeroshot,6,0.0,0.06985431909561157,0.9301456809043884
485,Deepseek,Zeroshot,5,0.06620333492755892,0.2662033349275589,0.6675933301448822
486,Deepseek,Zeroshot,7,0.016823554039001487,0.21682355403900144,0.7663528919219971
487,Deepseek,Zeroshot,7,0.0017402112483978494,0.2017402112483978,0.7965195775032043
488,Deepseek,Zeroshot,7,0.02244960665702822,0.22244960665702818,0.7551007866859436
489,Deepseek,Zeroshot,6,0.0821301728487015,0.28213017284870145,0.635739654302597
490,Deepseek,Zeroshot,7,0.0,0.16751226782798767,0.8324877321720123
491,Deepseek,Zeroshot,7,0.06757415235042574,0.2675741523504257,0.6648516952991486
492,Deepseek,Zeroshot,6,0.1015369385480881,0.40153693854808803,0.4969261229038239
493,Deepseek,Zeroshot,6,0.0670564264059067,0.26705642640590666,0.6658871471881866
494,Deepseek,Zeroshot,7,0.09888097047805788,0.29888097047805784,0.6022380590438843
495,Deepseek,Zeroshot,6,0.09783768057823183,0.2978376805782318,0.6043246388435364
496,Deepseek,Zeroshot,7,0.030150809884071372,0.23015080988407133,0.7396983802318573
497,Deepseek,Zeroshot,7,0.0,0.15574318170547485,0.8442568182945251
