chain_id,model,method,num_emails,sentiment_neg,sentiment_neu,sentiment_pos
0,Deepseek,Bare Llama3B,7,0.05751931816339495,0.2575193181633949,0.6849613636732101
1,Deepseek,Bare Llama3B,4,0.14733395874500277,0.7,0.15266604125499725
2,Deepseek,Bare Llama3B,5,0.0,0.008395373821258545,0.9916046261787415
3,Deepseek,Bare Llama3B,6,0.11220704913139345,0.4122070491313934,0.47558590173721316
4,Deepseek,Bare Llama3B,7,0.0,0.008240669965744019,0.991759330034256
5,Deepseek,Bare Llama3B,2,0.7594183459877968,0.22029082700610159,0.020290827006101603
6,Deepseek,Bare Llama3B,5,0.1414432466030121,0.7,0.1585567533969879
7,Deepseek,Bare Llama3B,3,0.0,0.054521769285202026,0.945478230714798
8,Deepseek,Bare Llama3B,5,0.061408841609954856,0.2614088416099548,0.6771823167800903
9,Deepseek,Bare Llama3B,4,0.0,0.0008422434329986572,0.9991577565670013
10,Deepseek,Bare Llama3B,5,0.1591497898101807,0.7,0.14085021018981933
11,Deepseek,Bare Llama3B,2,0.0,0.11421442031860352,0.8857855796813965
12,Deepseek,Bare Llama3B,4,0.15584654510021212,0.7,0.1441534548997879
13,Deepseek,Bare Llama3B,5,0.0,0.008443087339401245,0.9915569126605988
14,Deepseek,Bare Llama3B,4,0.0,0.1367463767528534,0.8632536232471466
15,Deepseek,Bare Llama3B,4,0.12496283054351809,0.424962830543518,0.4500743389129639
16,Deepseek,Bare Llama3B,7,0.12492247819900515,0.4249224781990051,0.45015504360198977
17,Deepseek,Bare Llama3B,3,0.0,0.12439250946044922,0.8756074905395508
18,Deepseek,Bare Llama3B,2,0.0,0.05609482526779175,0.9439051747322083
19,Deepseek,Bare Llama3B,4,0.05051184594631197,0.25051184594631193,0.6989763081073761
20,Deepseek,Bare Llama3B,4,0.11386720240116122,0.41386720240116115,0.47226559519767763
21,Deepseek,Bare Llama3B,5,0.0,0.09465858340263367,0.9053414165973663
22,Deepseek,Bare Llama3B,3,0.0,0.0396418571472168,0.9603581428527832
23,Deepseek,Bare Llama3B,2,0.0,0.01353558897972107,0.9864644110202789
24,Deepseek,Bare Llama3B,8,0.0,0.007231295108795166,0.9927687048912048
25,Deepseek,Bare Llama3B,2,0.10084533095359804,0.400845330953598,0.498309338092804
26,Deepseek,Bare Llama3B,5,0.12083045542240145,0.4208304554224014,0.45833908915519717
27,Deepseek,Bare Llama3B,3,0.0,0.05500534176826477,0.9449946582317352
28,Deepseek,Bare Llama3B,3,0.0,0.005499601364135742,0.9945003986358643
29,Deepseek,Bare Llama3B,7,0.02557421624660494,0.2255742162466049,0.7488515675067902
30,Deepseek,Bare Llama3B,8,0.0,0.15683147311210632,0.8431685268878937
31,Deepseek,Bare Llama3B,4,0.012235695123672508,0.21223569512367246,0.775528609752655
32,Deepseek,Bare Llama3B,4,0.0,0.024472147226333618,0.9755278527736664
33,Deepseek,Bare Llama3B,3,0.15012782216072085,0.7,0.14987217783927917
34,Deepseek,Bare Llama3B,7,0.9880222855135798,0.011977714486420155,0.0
35,Deepseek,Bare Llama3B,6,0.14499148689210417,0.7,0.15500851310789585
36,Deepseek,Bare Llama3B,7,0.0,0.1385234296321869,0.8614765703678131
37,Deepseek,Bare Llama3B,3,0.10459964871406557,0.4045996487140655,0.4908007025718689
38,Deepseek,Bare Llama3B,3,0.0,0.08902555704116821,0.9109744429588318
39,Deepseek,Bare Llama3B,6,0.0,0.18181732296943665,0.8181826770305634
40,Deepseek,Bare Llama3B,3,0.15364758074283602,0.7,0.146352419257164
41,Deepseek,Bare Llama3B,4,0.08736439943313601,0.28736439943313596,0.625271201133728
42,Deepseek,Bare Llama3B,6,0.00041228681802751854,0.20041228681802747,0.799175426363945
43,Deepseek,Bare Llama3B,2,0.9811554322950542,0.018844567704945803,0.0
44,Deepseek,Bare Llama3B,3,0.15035932660102846,0.7,0.14964067339897155
45,Deepseek,Bare Llama3B,8,0.0,0.15072667598724365,0.8492733240127563
46,Deepseek,Bare Llama3B,3,0.10060333609580996,0.4006033360958099,0.49879332780838015
47,Deepseek,Bare Llama3B,4,0.0,0.19038349390029907,0.8096165060997009
48,Deepseek,Bare Llama3B,3,0.0,0.13537272810935974,0.8646272718906403
49,Deepseek,Bare Llama3B,5,0.0,0.06986105442047119,0.9301389455795288
50,Deepseek,Bare Llama3B,3,0.07039403319358828,0.27039403319358823,0.6592119336128235
51,Deepseek,Bare Llama3B,8,0.0,0.12684613466262817,0.8731538653373718
52,Deepseek,Bare Llama3B,4,0.0,0.17016294598579407,0.8298370540142059
53,Deepseek,Bare Llama3B,7,0.12351743280887606,0.423517432808876,0.45296513438224795
54,Deepseek,Bare Llama3B,5,0.0,0.014172405004501343,0.9858275949954987
55,Deepseek,Bare Llama3B,2,0.05880253911018374,0.2588025391101837,0.6823949217796326
56,Deepseek,Bare Llama3B,6,0.13285698890686037,0.7,0.16714301109313964
57,Deepseek,Bare Llama3B,5,0.09154661893844607,0.291546618938446,0.6169067621231079
58,Deepseek,Bare Llama3B,8,0.0,0.005156755447387695,0.9948432445526123
59,Deepseek,Bare Llama3B,5,0.9988520160550252,0.0011479839449748397,0.0
60,Deepseek,Bare Llama3B,3,0.0,0.14226138591766357,0.8577386140823364
61,Deepseek,Bare Llama3B,4,0.12672405838966372,0.7,0.1732759416103363
62,Deepseek,Bare Llama3B,3,0.08463954329490664,0.2846395432949066,0.6307209134101868
63,Deepseek,Bare Llama3B,5,0.07750030755996706,0.277500307559967,0.6449993848800659
64,Deepseek,Bare Llama3B,4,0.9980383575893939,0.001961642410606146,0.0
65,Deepseek,Bare Llama3B,7,0.1027820944786072,0.40278209447860713,0.49443581104278567
66,Deepseek,Bare Llama3B,4,0.6533258152194321,0.2733370923902839,0.07333709239028394
67,Deepseek,Bare Llama3B,2,0.14423265457153323,0.7,0.1557673454284668
68,Deepseek,Bare Llama3B,3,0.10125681161880495,0.4012568116188049,0.49748637676239016
69,Deepseek,Bare Llama3B,5,0.15183977186679842,0.7,0.1481602281332016
70,Deepseek,Bare Llama3B,4,0.11634548902511599,0.4163454890251159,0.4673090219497681
71,Deepseek,Bare Llama3B,4,0.0749742776155472,0.27497427761554716,0.6500514447689056
72,Deepseek,Bare Llama3B,4,0.0,0.08417218923568726,0.9158278107643127
73,Deepseek,Bare Llama3B,7,0.0,0.11800166964530945,0.8819983303546906
74,Deepseek,Bare Llama3B,4,0.0,0.036357343196868896,0.9636426568031311
75,Deepseek,Bare Llama3B,6,0.0,0.03766098618507385,0.9623390138149261
76,Deepseek,Bare Llama3B,6,0.0,0.009479612112045288,0.9905203878879547
77,Deepseek,Bare Llama3B,4,0.0,0.018003404140472412,0.9819965958595276
78,Deepseek,Bare Llama3B,3,0.9918327410705388,0.00816725892946124,0.0
79,Deepseek,Bare Llama3B,6,0.08104380369186404,0.281043803691864,0.637912392616272
80,Deepseek,Bare Llama3B,2,0.0,0.1281125247478485,0.8718874752521515
81,Deepseek,Bare Llama3B,4,0.0,0.09588819742202759,0.9041118025779724
82,Deepseek,Bare Llama3B,2,0.06784428060054781,0.26784428060054777,0.6643114387989044
83,Deepseek,Bare Llama3B,4,0.08512277305126192,0.2851227730512619,0.6297544538974762
84,Deepseek,Bare Llama3B,3,0.02729601562023165,0.2272960156202316,0.7454079687595367
85,Deepseek,Bare Llama3B,2,0.0,0.08619651198387146,0.9138034880161285
86,Deepseek,Bare Llama3B,2,0.1080696374177933,0.40806963741779323,0.4838607251644135
87,Deepseek,Bare Llama3B,5,0.6160168498754501,0.2919915750622749,0.09199157506227493
88,Deepseek,Bare Llama3B,7,0.04194913208484652,0.24194913208484647,0.716101735830307
89,Deepseek,Bare Llama3B,3,0.13439376056194308,0.7,0.16560623943805694
90,Deepseek,Bare Llama3B,6,0.09773714244365694,0.2977371424436569,0.6045257151126862
91,Deepseek,Bare Llama3B,5,0.0,0.013900667428970337,0.9860993325710297
92,Deepseek,Bare Llama3B,6,0.0,0.03183549642562866,0.9681645035743713
93,Deepseek,Bare Llama3B,2,0.15161464512348177,0.7,0.14838535487651824
94,Deepseek,Bare Llama3B,2,0.1531334012746811,0.7,0.1468665987253189
95,Deepseek,Bare Llama3B,3,0.7416516225785017,0.22917418871074913,0.029174188710749144
96,Deepseek,Bare Llama3B,4,0.08494313955307009,0.28494313955307005,0.6301137208938599
97,Deepseek,Bare Llama3B,3,0.0,0.02708342671394348,0.9729165732860565
98,Deepseek,Bare Llama3B,3,0.0,0.12877097725868225,0.8712290227413177
99,Deepseek,Bare Llama3B,5,0.14014790356159212,0.7,0.1598520964384079
100,Deepseek,Bare Llama3B,7,0.0,0.04390066862106323,0.9560993313789368
101,Deepseek,Bare Llama3B,3,0.06289617121219637,0.26289617121219633,0.6742076575756073
102,Deepseek,Bare Llama3B,2,0.14833859503269198,0.7,0.15166140496730804
103,Deepseek,Bare Llama3B,2,0.02299621105194094,0.2229962110519409,0.7540075778961182
104,Deepseek,Bare Llama3B,5,0.10981608331203463,0.40981608331203456,0.4803678333759308
105,Deepseek,Bare Llama3B,4,0.0,0.005104571580886841,0.9948954284191132
106,Deepseek,Bare Llama3B,2,0.13413924872875216,0.7,0.16586075127124786
107,Deepseek,Bare Llama3B,4,0.0,0.16487285494804382,0.8351271450519562
108,Deepseek,Bare Llama3B,3,0.0,0.05240693688392639,0.9475930631160736
109,Deepseek,Bare Llama3B,5,0.061693871021270774,0.26169387102127073,0.6766122579574585
110,Deepseek,Bare Llama3B,6,0.14090951681137087,0.7,0.15909048318862914
111,Deepseek,Bare Llama3B,3,0.0,0.013716816902160645,0.9862831830978394
112,Deepseek,Bare Llama3B,6,0.0,0.03504285216331482,0.9649571478366852
113,Deepseek,Bare Llama3B,2,0.0,0.004684925079345703,0.9953150749206543
114,Deepseek,Bare Llama3B,6,0.9525232180021703,0.047476781997829676,0.0
115,Deepseek,Bare Llama3B,5,0.06228809952735903,0.262288099527359,0.675423800945282
116,Deepseek,Bare Llama3B,2,0.9605786362662911,0.03942136373370886,0.0
117,Deepseek,Bare Llama3B,5,0.012348064780235313,0.21234806478023527,0.7753038704395294
118,Deepseek,Bare Llama3B,2,0.0,0.17061281204223633,0.8293871879577637
119,Deepseek,Bare Llama3B,4,0.8904590532183647,0.10954094678163528,0.0
120,Deepseek,Bare Llama3B,4,0.05077459812164309,0.25077459812164304,0.6984508037567139
121,Deepseek,Bare Llama3B,11,0.14182961881160738,0.7,0.15817038118839263
122,Deepseek,Bare Llama3B,2,0.0,0.16254296898841858,0.8374570310115814
123,Deepseek,Bare Llama3B,2,0.0,0.05077177286148071,0.9492282271385193
124,Deepseek,Bare Llama3B,4,0.020221108198165916,0.22022110819816587,0.7595577836036682
125,Deepseek,Bare Llama3B,6,0.0,0.1725078523159027,0.8274921476840973
126,Deepseek,Bare Llama3B,6,0.13017287254333498,0.7,0.16982712745666503
127,Deepseek,Bare Llama3B,3,0.9994921065517701,0.0005078934482298791,0.0
128,Deepseek,Bare Llama3B,2,0.06676490008831026,0.2667649000883102,0.6664701998233795
129,Deepseek,Bare Llama3B,2,0.010956773161888145,0.2109567731618881,0.7780864536762238
130,Deepseek,Bare Llama3B,7,0.158776992559433,0.7,0.141223007440567
131,Deepseek,Bare Llama3B,4,0.0,0.07461464405059814,0.9253853559494019
132,Deepseek,Bare Llama3B,5,0.14722699820995333,0.7,0.1527730017900467
133,Deepseek,Bare Llama3B,3,0.0,0.06606322526931763,0.9339367747306824
134,Deepseek,Bare Llama3B,6,0.0,0.05947883427143097,0.940521165728569
135,Deepseek,Bare Llama3B,5,0.15094701349735262,0.7,0.1490529865026474
136,Deepseek,Bare Llama3B,3,0.0,0.04200935363769531,0.9579906463623047
137,Deepseek,Bare Llama3B,3,0.046823018789291404,0.24682301878929136,0.7063539624214172
138,Deepseek,Bare Llama3B,2,0.9962819197680801,0.0037180802319198847,0.0
139,Deepseek,Bare Llama3B,6,0.9758903672918677,0.024109632708132267,0.0
140,Deepseek,Bare Llama3B,5,0.03510474562644961,0.23510474562644956,0.7297905087471008
141,Deepseek,Bare Llama3B,3,0.0,0.0029562711715698242,0.9970437288284302
142,Deepseek,Bare Llama3B,3,0.1261994928121567,0.7,0.17380050718784332
143,Deepseek,Bare Llama3B,3,0.0,0.15660084784030914,0.8433991521596909
144,Deepseek,Bare Llama3B,4,0.0,0.003666430711746216,0.9963335692882538
145,Deepseek,Bare Llama3B,4,0.0,0.19635342061519623,0.8036465793848038
146,Deepseek,Bare Llama3B,5,0.0,0.021205872297286987,0.978794127702713
147,Deepseek,Bare Llama3B,2,0.11312762796878817,0.4131276279687881,0.47374474406242373
148,Deepseek,Bare Llama3B,4,0.14658808112144472,0.7,0.1534119188785553
149,Deepseek,Bare Llama3B,5,0.0,0.16959109902381897,0.830408900976181
150,Deepseek,Bare Llama3B,6,0.0,0.09803435206413269,0.9019656479358673
151,Deepseek,Bare Llama3B,5,0.07881980538368227,0.27881980538368223,0.6423603892326355
152,Deepseek,Bare Llama3B,4,0.0,0.1009877622127533,0.8990122377872467
153,Deepseek,Bare Llama3B,10,0.0,0.13870945572853088,0.8612905442714691
154,Deepseek,Bare Llama3B,3,0.05323203802108767,0.2532320380210876,0.6935359239578247
155,Deepseek,Bare Llama3B,3,0.1317507863044739,0.7,0.16824921369552612
156,Deepseek,Bare Llama3B,2,0.11816051006317141,0.41816051006317134,0.46367897987365725
157,Deepseek,Bare Llama3B,5,0.0,0.09026968479156494,0.9097303152084351
158,Deepseek,Bare Llama3B,3,0.037755468487739585,0.23775546848773954,0.7244890630245209
159,Deepseek,Bare Llama3B,6,0.9911672025918961,0.008832797408103943,0.0
160,Deepseek,Bare Llama3B,6,0.10049692690372469,0.4004969269037246,0.4990061461925507
161,Deepseek,Bare Llama3B,5,0.010945731401443504,0.21094573140144346,0.778108537197113
162,Deepseek,Bare Llama3B,9,0.0,0.06841462850570679,0.9315853714942932
163,Deepseek,Bare Llama3B,4,0.0,0.040626198053359985,0.95937380194664
164,Deepseek,Bare Llama3B,4,0.14084873497486117,0.7,0.15915126502513885
165,Deepseek,Bare Llama3B,3,0.0397095322608948,0.23970953226089475,0.7205809354782104
166,Deepseek,Bare Llama3B,4,0.1430481165647507,0.7,0.15695188343524932
167,Deepseek,Bare Llama3B,7,0.0,0.0931214988231659,0.9068785011768341
168,Deepseek,Bare Llama3B,3,0.0,0.15100809931755066,0.8489919006824493
169,Deepseek,Bare Llama3B,8,0.6247450513765216,0.2876274743117392,0.0876274743117392
170,Deepseek,Bare Llama3B,5,0.0,0.11654695868492126,0.8834530413150787
171,Deepseek,Bare Llama3B,2,0.15021746754646303,0.7,0.14978253245353698
172,Deepseek,Bare Llama3B,5,0.0,0.002201557159423828,0.9977984428405762
173,Deepseek,Bare Llama3B,5,0.0,0.17895802855491638,0.8210419714450836
174,Deepseek,Bare Llama3B,5,0.0,0.14752182364463806,0.8524781763553619
175,Deepseek,Bare Llama3B,2,0.0,0.046193063259124756,0.9538069367408752
176,Deepseek,Bare Llama3B,3,0.0,0.11132657527923584,0.8886734247207642
177,Deepseek,Bare Llama3B,2,0.9953741086646914,0.004625891335308552,0.0
178,Deepseek,Bare Llama3B,4,0.0,0.08858641982078552,0.9114135801792145
179,Deepseek,Bare Llama3B,4,0.0,0.007586300373077393,0.9924136996269226
180,Deepseek,Bare Llama3B,6,0.0,0.09199273586273193,0.9080072641372681
181,Deepseek,Bare Llama3B,4,0.9955617780797184,0.004438221920281649,0.0
182,Deepseek,Bare Llama3B,5,0.11541817486286166,0.4154181748628616,0.46916365027427676
183,Deepseek,Bare Llama3B,5,0.1500763535499573,0.7,0.14992364645004272
184,Deepseek,Bare Llama3B,3,0.14221579730510714,0.7,0.15778420269489288
185,Deepseek,Bare Llama3B,4,0.0,0.08096286654472351,0.9190371334552765
186,Deepseek,Bare Llama3B,7,0.08809580802917483,0.2880958080291748,0.6238083839416504
187,Deepseek,Bare Llama3B,3,0.1474380433559418,0.7,0.15256195664405822
188,Deepseek,Bare Llama3B,4,0.15169877707958224,0.7,0.14830122292041778
189,Deepseek,Bare Llama3B,2,0.0,0.04346528649330139,0.9565347135066986
190,Deepseek,Bare Llama3B,6,0.08134923279285433,0.2813492327928543,0.6373015344142914
191,Deepseek,Bare Llama3B,2,0.0,0.01971796154975891,0.9802820384502411
192,Deepseek,Bare Llama3B,5,0.0,0.05242559313774109,0.9475744068622589
193,Deepseek,Bare Llama3B,3,0.0,0.01857241988182068,0.9814275801181793
194,Deepseek,Bare Llama3B,9,0.09776345789432528,0.29776345789432523,0.6044730842113495
195,Deepseek,Bare Llama3B,4,0.9282225095666945,0.0717774904333055,0.0
196,Deepseek,Bare Llama3B,4,0.0,0.0757589042186737,0.9242410957813263
197,Deepseek,Bare Llama3B,7,0.01651742458343508,0.21651742458343504,0.7669651508331299
198,Deepseek,Bare Llama3B,4,0.0,0.19313812255859375,0.8068618774414062
199,Deepseek,Bare Llama3B,2,0.004727864265441917,0.20472786426544187,0.7905442714691162
200,Deepseek,Bare Llama3B,3,0.0,0.06488940119743347,0.9351105988025665
201,Deepseek,Bare Llama3B,4,0.0,0.11835616827011108,0.8816438317298889
202,Deepseek,Bare Llama3B,2,0.12880080342292788,0.7,0.17119919657707214
203,Deepseek,Bare Llama3B,4,0.0,0.07432934641838074,0.9256706535816193
204,Deepseek,Bare Llama3B,6,0.0,0.05518770217895508,0.9448122978210449
205,Deepseek,Bare Llama3B,4,0.1509046643972397,0.7,0.1490953356027603
206,Deepseek,Bare Llama3B,5,0.0,0.02805119752883911,0.9719488024711609
207,Deepseek,Bare Llama3B,4,0.11139924228191378,0.4113992422819137,0.4772015154361725
208,Deepseek,Bare Llama3B,5,0.0,0.0874001681804657,0.9125998318195343
209,Deepseek,Bare Llama3B,3,0.14276143312454226,0.7,0.15723856687545776
210,Deepseek,Bare Llama3B,4,0.0,0.09390139579772949,0.9060986042022705
211,Deepseek,Bare Llama3B,2,0.15105397403240206,0.7,0.14894602596759796
212,Deepseek,Bare Llama3B,2,0.0807452589273453,0.28074525892734525,0.6385094821453094
213,Deepseek,Bare Llama3B,8,0.0,0.064962238073349,0.935037761926651
214,Deepseek,Bare Llama3B,7,0.0,0.012155234813690186,0.9878447651863098
215,Deepseek,Bare Llama3B,3,0.0880411356687546,0.28804113566875456,0.6239177286624908
216,Deepseek,Bare Llama3B,5,0.1523615658283234,0.7,0.14763843417167663
217,Deepseek,Bare Llama3B,4,0.07126242816448214,0.2712624281644821,0.6574751436710358
218,Deepseek,Bare Llama3B,2,0.0,0.06005263328552246,0.9399473667144775
219,Deepseek,Bare Llama3B,3,0.024322086572647117,0.22432208657264707,0.7513558268547058
220,Deepseek,Bare Llama3B,5,0.10803393423557284,0.40803393423557277,0.4839321315288544
221,Deepseek,Bare Llama3B,6,0.09344480335712435,0.2934448033571243,0.6131103932857513
222,Deepseek,Bare Llama3B,3,0.0,0.17842993140220642,0.8215700685977936
223,Deepseek,Bare Llama3B,3,0.1397475987672806,0.7,0.16025240123271942
224,Deepseek,Bare Llama3B,4,0.13837436735630038,0.7,0.16162563264369964
225,Deepseek,Bare Llama3B,5,0.0734040677547455,0.27340406775474546,0.653191864490509
226,Deepseek,Bare Llama3B,2,0.0,0.026804625988006592,0.9731953740119934
227,Deepseek,Bare Llama3B,5,0.10465326309204104,0.40465326309204097,0.490693473815918
228,Deepseek,Bare Llama3B,5,0.9963893867097795,0.003610613290220499,0.0
229,Deepseek,Bare Llama3B,6,0.014697873592376731,0.2146978735923767,0.7706042528152466
230,Deepseek,Bare Llama3B,3,0.13051983118057253,0.7,0.16948016881942748
231,Deepseek,Bare Llama3B,3,0.151602977514267,0.7,0.14839702248573303
232,Deepseek,Bare Llama3B,2,0.13766763508319857,0.7,0.16233236491680145
233,Deepseek,Bare Llama3B,8,0.11565030515193941,0.41565030515193935,0.46869938969612124
234,Deepseek,Bare Llama3B,2,0.6316363513469696,0.2841818243265152,0.08418182432651519
235,Deepseek,Bare Llama3B,7,0.135639825463295,0.7,0.164360174536705
236,Deepseek,Bare Llama3B,2,0.0,0.012913167476654053,0.987086832523346
237,Deepseek,Bare Llama3B,8,0.14179191887378695,0.7,0.15820808112621307
238,Deepseek,Bare Llama3B,2,0.0,0.01532009243965149,0.9846799075603485
239,Deepseek,Bare Llama3B,4,0.12157187014818194,0.42157187014818187,0.4568562597036362
240,Deepseek,Bare Llama3B,2,0.13148538172245028,0.7,0.16851461827754974
241,Deepseek,Bare Llama3B,4,0.0,0.07214587926864624,0.9278541207313538
242,Deepseek,Bare Llama3B,6,0.13218041658401491,0.7,0.1678195834159851
243,Deepseek,Bare Llama3B,4,0.0,0.05073168873786926,0.9492683112621307
244,Deepseek,Bare Llama3B,4,0.0,0.08036649227142334,0.9196335077285767
245,Deepseek,Bare Llama3B,5,0.0,0.10221084952354431,0.8977891504764557
246,Deepseek,Bare Llama3B,6,0.9933619317598641,0.006638068240135908,0.0
247,Deepseek,Bare Llama3B,7,0.6989130737492815,0.25054346312535924,0.05054346312535926
248,Deepseek,Bare Llama3B,4,0.0,0.09783867001533508,0.9021613299846649
249,Deepseek,Bare Llama3B,6,0.07599600553512575,0.2759960055351257,0.6480079889297485
250,Deepseek,Bare Llama3B,3,0.0046388745307922585,0.20463887453079221,0.7907222509384155
251,Deepseek,Bare Llama3B,7,0.07979536950588229,0.27979536950588224,0.6404092609882355
252,Deepseek,Bare Llama3B,3,0.020271414518356345,0.2202714145183563,0.7594571709632874
253,Deepseek,Bare Llama3B,4,0.0012668162584305032,0.20126681625843046,0.797466367483139
254,Deepseek,Bare Llama3B,4,0.0,0.05339878797531128,0.9466012120246887
255,Deepseek,Bare Llama3B,3,0.9925113760400563,0.007488623959943652,0.0
256,Deepseek,Bare Llama3B,4,0.0,0.17497646808624268,0.8250235319137573
257,Deepseek,Bare Llama3B,2,0.0,0.19616776704788208,0.8038322329521179
258,Deepseek,Bare Llama3B,3,0.0,0.009965091943740845,0.9900349080562592
259,Deepseek,Bare Llama3B,2,0.0,0.02679726481437683,0.9732027351856232
260,Deepseek,Bare Llama3B,3,0.08448552489280703,0.284485524892807,0.631028950214386
261,Deepseek,Bare Llama3B,5,0.015746900439262412,0.21574690043926237,0.7685061991214752
262,Deepseek,Bare Llama3B,4,0.0257709860801697,0.22577098608016966,0.7484580278396606
263,Deepseek,Bare Llama3B,2,0.0,0.08607077598571777,0.9139292240142822
264,Deepseek,Bare Llama3B,6,0.0,0.007181316614151001,0.992818683385849
265,Deepseek,Bare Llama3B,4,0.12596320509910586,0.7,0.17403679490089416
266,Deepseek,Bare Llama3B,6,0.14837191402912142,0.7,0.1516280859708786
267,Deepseek,Bare Llama3B,2,0.0837601810693741,0.28376018106937406,0.6324796378612518
268,Deepseek,Bare Llama3B,2,0.12649335861206057,0.7,0.17350664138793945
269,Deepseek,Bare Llama3B,3,0.12099949419498446,0.4209994941949844,0.45800101161003115
270,Deepseek,Bare Llama3B,5,0.0,0.03983408212661743,0.9601659178733826
271,Deepseek,Bare Llama3B,8,0.07795495688915255,0.2779549568891525,0.644090086221695
272,Deepseek,Bare Llama3B,3,0.9981548773357645,0.0018451226642355323,0.0
273,Deepseek,Bare Llama3B,4,0.016123907268047355,0.2161239072680473,0.7677521854639053
274,Deepseek,Bare Llama3B,5,0.0,0.11753800511360168,0.8824619948863983
275,Deepseek,Bare Llama3B,3,0.03223317265510561,0.23223317265510557,0.7355336546897888
276,Deepseek,Bare Llama3B,4,0.6056968867778778,0.2971515566110611,0.09715155661106109
277,Deepseek,Bare Llama3B,4,0.0,0.008994907140731812,0.9910050928592682
278,Deepseek,Bare Llama3B,3,0.022490525245666526,0.22249052524566648,0.755018949508667
279,Deepseek,Bare Llama3B,5,0.1495563179254532,0.7,0.1504436820745468
280,Deepseek,Bare Llama3B,5,0.12072093188762667,0.4207209318876266,0.4585581362247467
281,Deepseek,Bare Llama3B,4,0.015335941314697288,0.21533594131469724,0.7693281173706055
282,Deepseek,Bare Llama3B,4,0.0,0.11024057865142822,0.8897594213485718
283,Deepseek,Bare Llama3B,2,0.0,0.020706236362457275,0.9792937636375427
284,Deepseek,Bare Llama3B,5,0.0,0.11531937122344971,0.8846806287765503
285,Deepseek,Bare Llama3B,2,0.08889701366424563,0.2888970136642456,0.6222059726715088
286,Deepseek,Bare Llama3B,2,0.1252391576766968,0.7,0.17476084232330322
287,Deepseek,Bare Llama3B,2,0.0,0.024599015712738037,0.975400984287262
288,Deepseek,Bare Llama3B,2,0.0,0.13100749254226685,0.8689925074577332
289,Deepseek,Bare Llama3B,4,0.138642156124115,0.7,0.161357843875885
290,Deepseek,Bare Llama3B,4,0.0,0.004790067672729492,0.9952099323272705
291,Deepseek,Bare Llama3B,5,0.13599845170974734,0.7,0.16400154829025268
292,Deepseek,Bare Llama3B,3,0.0,0.14515459537506104,0.854845404624939
293,Deepseek,Bare Llama3B,3,0.10649302005767824,0.4064930200576782,0.4870139598846436
294,Deepseek,Bare Llama3B,3,0.0,0.05605423450469971,0.9439457654953003
295,Deepseek,Bare Llama3B,3,0.7656110492534935,0.2171944753732532,0.01719447537325322
296,Deepseek,Bare Llama3B,4,0.1363148629665375,0.7,0.16368513703346252
297,Deepseek,Bare Llama3B,3,0.993654107907787,0.006345892092213035,0.0
298,Deepseek,Bare Llama3B,4,0.13000191152095797,0.7,0.16999808847904205
299,Deepseek,Bare Llama3B,5,0.0,0.058568358421325684,0.9414316415786743
300,Deepseek,Bare Llama3B,2,0.0613198518753052,0.26131985187530515,0.6773602962493896
301,Deepseek,Bare Llama3B,3,0.14421054124832156,0.7,0.15578945875167846
302,Deepseek,Bare Llama3B,2,0.0,0.13523125648498535,0.8647687435150146
303,Deepseek,Bare Llama3B,5,0.0,0.0335904061794281,0.9664095938205719
304,Deepseek,Bare Llama3B,4,0.0,0.17299503087997437,0.8270049691200256
305,Deepseek,Bare Llama3B,3,0.009234482049942039,0.209234482049942,0.781531035900116
306,Deepseek,Bare Llama3B,3,0.15028213858604433,0.7,0.14971786141395568
307,Deepseek,Bare Llama3B,3,0.0,0.15995556116104126,0.8400444388389587
308,Deepseek,Bare Llama3B,5,0.7321985291782767,0.23390073541086165,0.033900735410861665
309,Deepseek,Bare Llama3B,4,0.05105700492858889,0.25105700492858884,0.6978859901428223
310,Deepseek,Bare Llama3B,8,0.9943139483220875,0.005686051677912474,0.0
311,Deepseek,Bare Llama3B,3,0.9928193092346191,0.007180690765380859,0.0
312,Deepseek,Bare Llama3B,5,0.05691545605659487,0.2569154560565948,0.6861690878868103
313,Deepseek,Bare Llama3B,2,0.03728442788124087,0.23728442788124082,0.7254311442375183
314,Deepseek,Bare Llama3B,5,0.9879085418069735,0.012091458193026483,0.0
315,Deepseek,Bare Llama3B,5,0.9920404921285808,0.007959507871419191,0.0
316,Deepseek,Bare Llama3B,6,0.0,0.04516509175300598,0.954834908246994
317,Deepseek,Bare Llama3B,3,0.10745503902435305,0.407455039024353,0.48508992195129397
318,Deepseek,Bare Llama3B,4,0.0,0.06371542811393738,0.9362845718860626
319,Deepseek,Bare Llama3B,6,0.023809613287448905,0.22380961328744886,0.7523807734251022
320,Deepseek,Bare Llama3B,3,0.14442885816097262,0.7,0.1555711418390274
321,Deepseek,Bare Llama3B,4,0.07548152804374697,0.2754815280437469,0.6490369439125061
322,Deepseek,Bare Llama3B,2,0.0,0.05923807621002197,0.940761923789978
323,Deepseek,Bare Llama3B,13,0.02597417086362841,0.22597417086362837,0.7480516582727432
324,Deepseek,Bare Llama3B,4,0.1411008030176163,0.7,0.15889919698238372
325,Deepseek,Bare Llama3B,8,0.01824484169483187,0.21824484169483183,0.7635103166103363
326,Deepseek,Bare Llama3B,5,0.0,0.05654865503311157,0.9434513449668884
327,Deepseek,Bare Llama3B,5,0.1539700537919998,0.7230149731040001,0.12301497310400009
328,Deepseek,Bare Llama3B,3,0.0,0.03955236077308655,0.9604476392269135
329,Deepseek,Bare Llama3B,3,0.77056435495615,0.21471782252192495,0.014717822521924967
330,Deepseek,Bare Llama3B,3,0.1427925914525986,0.7,0.15720740854740142
331,Deepseek,Bare Llama3B,2,0.0,0.03786328434944153,0.9621367156505585
332,Deepseek,Bare Llama3B,6,0.15133769214153292,0.7,0.1486623078584671
333,Deepseek,Bare Llama3B,5,0.0,0.1986863613128662,0.8013136386871338
334,Deepseek,Bare Llama3B,2,0.0,0.09720739722251892,0.9027926027774811
335,Deepseek,Bare Llama3B,5,0.04087735116481783,0.2408773511648178,0.7182452976703644
336,Deepseek,Bare Llama3B,6,0.0,0.05862706899642944,0.9413729310035706
337,Deepseek,Bare Llama3B,3,0.1586467117071152,0.7,0.14135328829288482
338,Deepseek,Bare Llama3B,8,0.0035048216581344827,0.20350482165813444,0.7929903566837311
339,Deepseek,Bare Llama3B,6,0.11750794351100924,0.41750794351100917,0.4649841129779816
340,Deepseek,Bare Llama3B,5,0.997512033674866,0.002487966325134039,0.0
341,Deepseek,Bare Llama3B,3,0.02467157840728762,0.22467157840728758,0.7506568431854248
342,Deepseek,Bare Llama3B,7,0.0,0.11288511753082275,0.8871148824691772
343,Deepseek,Bare Llama3B,4,0.09126869738101961,0.29126869738101957,0.6174626052379608
344,Deepseek,Bare Llama3B,5,0.0782590448856354,0.27825904488563535,0.6434819102287292
345,Deepseek,Bare Llama3B,9,0.0470325291156769,0.24703252911567686,0.7059349417686462
346,Deepseek,Bare Llama3B,3,0.0,0.007218301296234131,0.9927816987037659
347,Deepseek,Bare Llama3B,4,0.189746167184785,0.7051269164076075,0.10512691640760749
348,Deepseek,Bare Llama3B,3,0.13387363553047182,0.7,0.1661263644695282
349,Deepseek,Bare Llama3B,7,0.0,0.08073407411575317,0.9192659258842468
350,Deepseek,Bare Llama3B,4,0.15999400019645693,0.7,0.14000599980354309
351,Deepseek,Bare Llama3B,5,0.030987718701362632,0.2309877187013626,0.7380245625972748
352,Deepseek,Bare Llama3B,5,0.0,0.00437617301940918,0.9956238269805908
353,Deepseek,Bare Llama3B,3,0.1491608113050461,0.7,0.1508391886949539
354,Deepseek,Bare Llama3B,5,0.061117598414421104,0.26111759841442106,0.6777648031711578
355,Deepseek,Bare Llama3B,2,0.0,0.18307405710220337,0.8169259428977966
356,Deepseek,Bare Llama3B,2,0.12634088993072512,0.7,0.1736591100692749
357,Deepseek,Bare Llama3B,2,0.11159599721431734,0.4115959972143173,0.4768080055713654
358,Deepseek,Bare Llama3B,3,0.9849234307184815,0.01507656928151846,0.0
359,Deepseek,Bare Llama3B,6,0.15185674428939822,0.7,0.1481432557106018
360,Deepseek,Bare Llama3B,6,0.150212237238884,0.7,0.14978776276111602
361,Deepseek,Bare Llama3B,5,0.0,0.051910072565078735,0.9480899274349213
362,Deepseek,Bare Llama3B,2,0.08652811646461489,0.28652811646461485,0.6269437670707703
363,Deepseek,Bare Llama3B,2,0.0,0.010482579469680786,0.9895174205303192
364,Deepseek,Bare Llama3B,6,0.07874146997928622,0.27874146997928617,0.6425170600414276
365,Deepseek,Bare Llama3B,5,0.0283707916736603,0.22837079167366026,0.7432584166526794
366,Deepseek,Bare Llama3B,5,0.10379289984703066,0.4037928998470306,0.49241420030593874
367,Deepseek,Bare Llama3B,2,0.0,0.10040557384490967,0.8995944261550903
368,Deepseek,Bare Llama3B,4,0.03134950399398806,0.23134950399398801,0.7373009920120239
369,Deepseek,Bare Llama3B,4,0.1419690787792206,0.7,0.1580309212207794
370,Deepseek,Bare Llama3B,6,0.0,0.0015644431114196777,0.9984355568885803
371,Deepseek,Bare Llama3B,4,0.08590037524700167,0.2859003752470016,0.6281992495059967
372,Deepseek,Bare Llama3B,14,0.07391797900199892,0.2739179790019989,0.6521640419960022
373,Deepseek,Bare Llama3B,5,0.0,0.10042750835418701,0.899572491645813
374,Deepseek,Bare Llama3B,4,0.92207035375759,0.07792964624240994,0.0
375,Deepseek,Bare Llama3B,4,0.0,0.0320015549659729,0.9679984450340271
376,Deepseek,Bare Llama3B,5,0.06652272641658785,0.2665227264165878,0.6669545471668243
377,Deepseek,Bare Llama3B,2,0.9363100472837687,0.06368995271623135,0.0
378,Deepseek,Bare Llama3B,4,0.01964625120162966,0.21964625120162962,0.7607074975967407
379,Deepseek,Bare Llama3B,9,0.14647074937820437,0.7,0.15352925062179565
380,Deepseek,Bare Llama3B,2,0.14053385853767397,0.7,0.15946614146232604
381,Deepseek,Bare Llama3B,4,0.1308001220226288,0.7,0.1691998779773712
382,Deepseek,Bare Llama3B,4,0.11040517091751101,0.41040517091751094,0.47918965816497805
383,Deepseek,Bare Llama3B,6,0.12593216598033907,0.7,0.17406783401966094
384,Deepseek,Bare Llama3B,2,0.14429626762866976,0.7,0.15570373237133026
385,Deepseek,Bare Llama3B,7,0.14224610626697543,0.7,0.1577538937330246
386,Deepseek,Bare Llama3B,5,0.11333932876586916,0.4133393287658691,0.47332134246826174
387,Deepseek,Bare Llama3B,4,0.9992668295453768,0.0007331704546231776,0.0
388,Deepseek,Bare Llama3B,5,0.0,0.1401531994342804,0.8598468005657196
389,Deepseek,Bare Llama3B,7,0.0,0.13099348545074463,0.8690065145492554
390,Deepseek,Bare Llama3B,4,0.0,0.11116275191307068,0.8888372480869293
391,Deepseek,Bare Llama3B,3,0.0,0.142971009016037,0.857028990983963
392,Deepseek,Bare Llama3B,4,0.12444732487201693,0.42444732487201686,0.4511053502559662
393,Deepseek,Bare Llama3B,6,0.0,0.18332290649414062,0.8166770935058594
394,Deepseek,Bare Llama3B,4,0.0,0.024741768836975098,0.9752582311630249
395,Deepseek,Bare Llama3B,4,0.0,0.01775127649307251,0.9822487235069275
396,Deepseek,Bare Llama3B,3,0.0,0.09935122728347778,0.9006487727165222
397,Deepseek,Bare Llama3B,4,0.07924290895462038,0.27924290895462034,0.6415141820907593
398,Deepseek,Bare Llama3B,5,0.0,0.011439889669418335,0.9885601103305817
399,Deepseek,Bare Llama3B,8,0.941131379455328,0.05886862054467201,0.0
400,Deepseek,Bare Llama3B,2,0.14723368883132937,0.7,0.15276631116867065
401,Deepseek,Bare Llama3B,8,0.0,0.018658071756362915,0.9813419282436371
402,Deepseek,Bare Llama3B,2,0.0,0.009080767631530762,0.9909192323684692
403,Deepseek,Bare Llama3B,2,0.0,0.06695213913917542,0.9330478608608246
404,Deepseek,Bare Llama3B,5,0.07783938348293307,0.277839383482933,0.6443212330341339
405,Deepseek,Bare Llama3B,6,0.09237877428531649,0.29237877428531645,0.6152424514293671
406,Deepseek,Bare Llama3B,5,0.04906162023544314,0.2490616202354431,0.7018767595291138
407,Deepseek,Bare Llama3B,9,0.028624320030212425,0.22862432003021238,0.7427513599395752
408,Deepseek,Bare Llama3B,4,0.09407071173191073,0.2940707117319107,0.6118585765361786
409,Deepseek,Bare Llama3B,4,0.13540845513343813,0.7,0.16459154486656188
410,Deepseek,Bare Llama3B,3,0.12085149586200716,0.4208514958620071,0.45829700827598574
411,Deepseek,Bare Llama3B,5,0.0,0.011662930250167847,0.9883370697498322
412,Deepseek,Bare Llama3B,5,0.0,0.015161007642745972,0.984838992357254
413,Deepseek,Bare Llama3B,5,0.10768627524375918,0.4076862752437591,0.4846274495124817
414,Deepseek,Bare Llama3B,5,0.9983255428960547,0.0016744571039453149,0.0
415,Deepseek,Bare Llama3B,3,0.0,0.009042292833328247,0.9909577071666718
416,Deepseek,Bare Llama3B,12,0.012728878855705283,0.21272887885570524,0.7745422422885895
417,Deepseek,Bare Llama3B,4,0.0,0.011984080076217651,0.9880159199237823
418,Deepseek,Bare Llama3B,5,0.0,0.008552312850952148,0.9914476871490479
419,Deepseek,Bare Llama3B,6,0.14434432387351992,0.7,0.1556556761264801
420,Deepseek,Bare Llama3B,6,0.0,0.14292660355567932,0.8570733964443207
421,Deepseek,Bare Llama3B,8,0.1519156336784363,0.7,0.14808436632156372
422,Deepseek,Bare Llama3B,6,0.0,0.055548280477523804,0.9444517195224762
423,Deepseek,Bare Llama3B,9,0.05259140729904177,0.2525914072990417,0.6948171854019165
424,Deepseek,Bare Llama3B,4,0.12764432430267336,0.7,0.17235567569732665
425,Deepseek,Bare Llama3B,7,0.0,0.10963889956474304,0.890361100435257
426,Deepseek,Bare Llama3B,3,0.0,0.1438474953174591,0.8561525046825409
427,Deepseek,Bare Llama3B,5,0.0845778822898865,0.28457788228988645,0.630844235420227
428,Deepseek,Bare Llama3B,3,0.0,0.009545713663101196,0.9904542863368988
429,Deepseek,Bare Llama3B,7,0.020742768049240135,0.2207427680492401,0.7585144639015198
430,Deepseek,Bare Llama3B,5,0.0,0.007129013538360596,0.9928709864616394
431,Deepseek,Bare Llama3B,4,0.0,0.014059275388717651,0.9859407246112823
432,Deepseek,Bare Llama3B,5,0.0,0.0023362934589385986,0.9976637065410614
433,Deepseek,Bare Llama3B,4,0.0,0.18956464529037476,0.8104353547096252
434,Deepseek,Bare Llama3B,6,0.03528092205524447,0.23528092205524442,0.7294381558895111
435,Deepseek,Bare Llama3B,7,0.045420417189598106,0.24542041718959806,0.7091591656208038
436,Deepseek,Bare Llama3B,3,0.780833475291729,0.2095832623541355,0.009583262354135508
437,Deepseek,Bare Llama3B,4,0.027083420753479026,0.22708342075347898,0.745833158493042
438,Deepseek,Bare Llama3B,5,0.14576582014560702,0.7,0.154234179854393
439,Deepseek,Bare Llama3B,2,0.0,0.012125164270401001,0.987874835729599
440,Deepseek,Bare Llama3B,5,0.12293475270271303,0.42293475270271297,0.454130494594574
441,Deepseek,Bare Llama3B,2,0.0,0.09518575668334961,0.9048142433166504
442,Deepseek,Bare Llama3B,6,0.9964455566368997,0.0035544433631002903,0.0
443,Deepseek,Bare Llama3B,6,0.6737035259138793,0.26314823704306034,0.06314823704306036
444,Deepseek,Bare Llama3B,8,0.12520485520362856,0.7,0.17479514479637145
445,Deepseek,Bare Llama3B,5,0.0,0.01786714792251587,0.9821328520774841
446,Deepseek,Bare Llama3B,4,0.0,0.11889949440956116,0.8811005055904388
447,Deepseek,Bare Llama3B,3,0.07083933949470522,0.2708393394947052,0.6583213210105896
448,Deepseek,Bare Llama3B,5,0.05239149332046511,0.25239149332046507,0.6952170133590698
449,Deepseek,Bare Llama3B,4,0.03438980281352999,0.23438980281352995,0.7312203943729401
450,Deepseek,Bare Llama3B,4,0.013285586237907432,0.2132855862379074,0.7734288275241852
451,Deepseek,Bare Llama3B,5,0.0,0.007124036550521851,0.9928759634494781
452,Deepseek,Bare Llama3B,2,0.0,0.04887723922729492,0.9511227607727051
453,Deepseek,Bare Llama3B,4,0.0,0.10266456007957458,0.8973354399204254
454,Deepseek,Bare Llama3B,3,0.010562652349472068,0.21056265234947202,0.7788746953010559
455,Deepseek,Bare Llama3B,3,0.05156117081642153,0.2515611708164215,0.696877658367157
456,Deepseek,Bare Llama3B,5,0.11836462616920473,0.41836462616920467,0.4632707476615906
457,Deepseek,Bare Llama3B,5,0.10129024982452395,0.4012902498245239,0.49741950035095217
458,Deepseek,Bare Llama3B,4,0.0,0.03671875596046448,0.9632812440395355
459,Deepseek,Bare Llama3B,6,0.08956007063388827,0.2895600706338882,0.6208798587322235
460,Deepseek,Bare Llama3B,7,0.0,0.0238802433013916,0.9761197566986084
461,Deepseek,Bare Llama3B,4,0.05576647222042086,0.2557664722204208,0.6884670555591583
462,Deepseek,Bare Llama3B,2,0.07437718808650973,0.2743771880865097,0.6512456238269806
463,Deepseek,Bare Llama3B,5,0.1431137412786484,0.7,0.15688625872135162
464,Deepseek,Bare Llama3B,7,0.15086259841918948,0.7,0.14913740158081054
465,Deepseek,Bare Llama3B,9,0.0,0.13597381114959717,0.8640261888504028
466,Deepseek,Bare Llama3B,5,0.8064403897151351,0.1935596102848649,0.0
467,Deepseek,Bare Llama3B,2,0.13964652419090273,0.7,0.16035347580909728
468,Deepseek,Bare Llama3B,5,0.13654773831367495,0.7,0.16345226168632507
469,Deepseek,Bare Llama3B,4,0.1390083968639374,0.7,0.16099160313606262
470,Deepseek,Bare Llama3B,3,0.11974194049835207,0.419741940498352,0.4605161190032959
471,Deepseek,Bare Llama3B,4,0.1287888824939728,0.7,0.17121111750602722
472,Deepseek,Bare Llama3B,3,0.9959736145101488,0.004026385489851236,0.0
473,Deepseek,Bare Llama3B,5,0.12680945694446566,0.7,0.17319054305553436
474,Deepseek,Bare Llama3B,7,0.08576724827289584,0.2857672482728958,0.6284655034542084
475,Deepseek,Bare Llama3B,4,0.0,0.057563573122024536,0.9424364268779755
476,Deepseek,Bare Llama3B,9,0.03267993181943896,0.2326799318194389,0.7346401363611221
477,Deepseek,Bare Llama3B,5,0.03801245391368868,0.23801245391368864,0.7239750921726227
478,Deepseek,Bare Llama3B,8,0.09557574391365053,0.2955757439136505,0.608848512172699
479,Deepseek,Bare Llama3B,7,0.08316523730754855,0.2831652373075485,0.633669525384903
480,Deepseek,Bare Llama3B,4,0.06155642271041872,0.2615564227104187,0.6768871545791626
481,Deepseek,Bare Llama3B,7,0.04613633602857592,0.24613633602857588,0.7077273279428482
482,Deepseek,Bare Llama3B,4,0.06483263671398165,0.2648326367139816,0.6703347265720367
483,Deepseek,Bare Llama3B,5,0.0,0.058082133531570435,0.9419178664684296
484,Deepseek,Bare Llama3B,4,0.9314533211290836,0.06854667887091637,0.0
485,Deepseek,Bare Llama3B,3,0.1276589870452881,0.7,0.1723410129547119
486,Deepseek,Bare Llama3B,3,0.0,0.12471744418144226,0.8752825558185577
487,Deepseek,Bare Llama3B,3,0.0,0.0854995846748352,0.9145004153251648
488,Deepseek,Bare Llama3B,3,0.0,0.09825220704078674,0.9017477929592133
489,Deepseek,Bare Llama3B,4,0.0046657711267471536,0.2046657711267471,0.7906684577465057
490,Deepseek,Bare Llama3B,3,0.10464675128459933,0.40464675128459926,0.4907064974308014
491,Deepseek,Bare Llama3B,5,0.0,0.03997945785522461,0.9600205421447754
492,Deepseek,Bare Llama3B,4,0.13041111230850222,0.7,0.1695888876914978
493,Deepseek,Bare Llama3B,6,0.0,0.031149059534072876,0.9688509404659271
494,Deepseek,Bare Llama3B,10,0.1507927864789963,0.7,0.14920721352100372
495,Deepseek,Bare Llama3B,4,0.998435320216231,0.001564679783768952,0.0
496,Deepseek,Bare Llama3B,4,0.09591461122035982,0.2959146112203598,0.6081707775592804
497,Deepseek,Bare Llama3B,9,0.03003450632095339,0.23003450632095335,0.7399309873580933
498,Deepseek,Bare Llama3B,6,0.12278426587581637,0.4227842658758163,0.45443146824836733
499,Deepseek,Bare Llama3B,5,0.09052617251873019,0.29052617251873014,0.6189476549625397
500,Deepseek,Bare Llama3B,7,0.9726923825219274,0.027307617478072643,0.0
501,Deepseek,Bare Llama3B,6,0.14820987880229952,0.7,0.1517901211977005
502,Deepseek,Bare Llama3B,5,0.9964712173677981,0.00352878263220191,0.0
503,Deepseek,Bare Llama3B,6,0.14184319376945498,0.7,0.15815680623054504
504,Deepseek,Bare Llama3B,7,0.0,0.10888966917991638,0.8911103308200836
505,Deepseek,Bare Llama3B,5,0.010454931855201743,0.2104549318552017,0.7790901362895966
506,Deepseek,Bare Llama3B,5,0.08281243741512301,0.28281243741512296,0.634375125169754
507,Deepseek,Bare Llama3B,4,0.1408496141433716,0.7,0.1591503858566284
508,Deepseek,Bare Llama3B,4,0.0,0.0962209701538086,0.9037790298461914
509,Deepseek,Bare Llama3B,4,0.11977959573268893,0.41977959573268886,0.4604408085346222
510,Deepseek,Bare Llama3B,2,0.15055013597011568,0.7,0.14944986402988433
511,Deepseek,Bare Llama3B,7,0.9996651400288101,0.00033485997118987143,0.0
512,Deepseek,Bare Llama3B,5,0.14915057420730593,0.7,0.1508494257926941
513,Deepseek,Bare Llama3B,4,0.0,0.1477651298046112,0.8522348701953888
514,Deepseek,Bare Llama3B,2,0.0,0.18375247716903687,0.8162475228309631
515,Deepseek,Bare Llama3B,2,0.1505428194999695,0.7,0.1494571805000305
516,Deepseek,Bare Llama3B,3,0.0,0.19678571820259094,0.8032142817974091
517,Deepseek,Bare Llama3B,5,0.14671564996242525,0.7,0.15328435003757476
518,Deepseek,Bare Llama3B,3,0.12059760987758639,0.4205976098775863,0.4588047802448273
519,Deepseek,Bare Llama3B,5,0.9762456975877285,0.0237543024122715,0.0
520,Deepseek,Bare Llama3B,5,0.004554548859596275,0.20455454885959623,0.7908909022808075
521,Deepseek,Bare Llama3B,4,0.12346669435501101,0.42346669435501094,0.45306661128997805
