chain_id,model,method,num_emails,sentiment_neg,sentiment_neu,sentiment_pos
0,GPT4,Bare Llama3B,3,0.0,0.031320810317993164,0.9686791896820068
1,GPT4,Bare Llama3B,3,0.02013751268386843,0.22013751268386839,0.7597249746322632
2,GPT4,Bare Llama3B,4,0.0,0.12059280276298523,0.8794071972370148
3,GPT4,Bare Llama3B,3,0.15082470476627352,0.7,0.1491752952337265
4,GPT4,Bare Llama3B,5,0.0,0.12785020470619202,0.872149795293808
5,GPT4,Bare Llama3B,5,0.0,0.17359495162963867,0.8264050483703613
6,GPT4,Bare Llama3B,5,0.005398610234260581,0.20539861023426054,0.7892027795314789
7,GPT4,Bare Llama3B,7,0.15085440278053286,0.7,0.14914559721946716
8,GPT4,Bare Llama3B,5,0.0,0.12121853232383728,0.8787814676761627
9,GPT4,Bare Llama3B,2,0.09419500231742861,0.29419500231742857,0.6116099953651428
10,GPT4,Bare Llama3B,3,0.021131449937820457,0.2211314499378204,0.7577371001243591
11,GPT4,Bare Llama3B,3,0.1510521709918976,0.7,0.1489478290081024
12,GPT4,Bare Llama3B,6,0.07278414964675906,0.272784149646759,0.6544317007064819
13,GPT4,Bare Llama3B,3,0.0,0.07272207736968994,0.9272779226303101
14,GPT4,Bare Llama3B,5,0.0,0.06505128741264343,0.9349487125873566
15,GPT4,Bare Llama3B,6,0.08417033553123476,0.2841703355312347,0.6316593289375305
16,GPT4,Bare Llama3B,2,0.0,0.12045395374298096,0.879546046257019
17,GPT4,Bare Llama3B,6,0.09645592570304873,0.2964559257030487,0.6070881485939026
18,GPT4,Bare Llama3B,2,0.004519397020339988,0.20451939702033994,0.7909612059593201
19,GPT4,Bare Llama3B,2,0.034511306881904624,0.23451130688190458,0.7309773862361908
20,GPT4,Bare Llama3B,6,0.0,0.18066251277923584,0.8193374872207642
21,GPT4,Bare Llama3B,2,0.0,0.10262495279312134,0.8973750472068787
22,GPT4,Bare Llama3B,3,0.1141491621732712,0.41414916217327113,0.47170167565345766
23,GPT4,Bare Llama3B,4,0.0,0.032206594944000244,0.9677934050559998
24,GPT4,Bare Llama3B,5,0.0,0.09467989206314087,0.9053201079368591
25,GPT4,Bare Llama3B,6,0.0004958003759384377,0.2004958003759384,0.7990083992481232
26,GPT4,Bare Llama3B,3,0.0,0.0022391974925994873,0.9977608025074005
27,GPT4,Bare Llama3B,7,0.12011758387088778,0.4201175838708877,0.4597648322582245
28,GPT4,Bare Llama3B,3,0.0,0.012242645025253296,0.9877573549747467
29,GPT4,Bare Llama3B,5,0.021827527880668662,0.22182752788066862,0.7563449442386627
30,GPT4,Bare Llama3B,4,0.08395853042602541,0.28395853042602537,0.6320829391479492
31,GPT4,Bare Llama3B,4,0.03385842740535738,0.23385842740535734,0.7322831451892853
32,GPT4,Bare Llama3B,4,0.0,0.042398691177368164,0.9576013088226318
33,GPT4,Bare Llama3B,7,0.01530992388725283,0.21530992388725279,0.7693801522254944
34,GPT4,Bare Llama3B,4,0.04069496095180514,0.2406949609518051,0.7186100780963898
35,GPT4,Bare Llama3B,4,0.0,0.09277629852294922,0.9072237014770508
36,GPT4,Bare Llama3B,4,0.0,0.19963347911834717,0.8003665208816528
37,GPT4,Bare Llama3B,6,0.0,0.19614258408546448,0.8038574159145355
38,GPT4,Bare Llama3B,8,0.0917109936475754,0.29171099364757536,0.6165780127048492
39,GPT4,Bare Llama3B,5,0.0,0.009487897157669067,0.9905121028423309
40,GPT4,Bare Llama3B,4,0.11277850866317751,0.41277850866317745,0.47444298267364504
41,GPT4,Bare Llama3B,6,0.0,0.008355706930160522,0.9916442930698395
42,GPT4,Bare Llama3B,6,0.050764316320419334,0.2507643163204193,0.6984713673591614
43,GPT4,Bare Llama3B,3,0.05574593842029574,0.2557459384202957,0.6885081231594086
44,GPT4,Bare Llama3B,3,0.0,0.08866828680038452,0.9113317131996155
45,GPT4,Bare Llama3B,4,0.0,0.09731155633926392,0.9026884436607361
46,GPT4,Bare Llama3B,8,0.0,0.03317955136299133,0.9668204486370087
47,GPT4,Bare Llama3B,5,0.0,0.11813151836395264,0.8818684816360474
48,GPT4,Bare Llama3B,2,0.14195060133934023,0.7,0.15804939866065978
49,GPT4,Bare Llama3B,7,0.7446373677812517,0.22768131610937414,0.02768131610937416
50,GPT4,Bare Llama3B,3,0.0,0.045792728662490845,0.9542072713375092
51,GPT4,Bare Llama3B,3,0.0,0.17823278903961182,0.8217672109603882
52,GPT4,Bare Llama3B,4,0.0,0.03646448254585266,0.9635355174541473
53,GPT4,Bare Llama3B,3,0.9992782916524448,0.0007217083475552499,0.0
54,GPT4,Bare Llama3B,4,0.0,0.16171875596046448,0.8382812440395355
55,GPT4,Bare Llama3B,2,0.0,0.04819995164871216,0.9518000483512878
56,GPT4,Bare Llama3B,3,0.0,0.015656232833862305,0.9843437671661377
57,GPT4,Bare Llama3B,2,0.0,0.049363285303115845,0.9506367146968842
58,GPT4,Bare Llama3B,2,0.14414326250553133,0.7,0.15585673749446868
59,GPT4,Bare Llama3B,5,0.0,0.16352230310440063,0.8364776968955994
60,GPT4,Bare Llama3B,4,0.057598122954368614,0.25759812295436857,0.6848037540912628
61,GPT4,Bare Llama3B,2,0.05883062779903414,0.2588306277990341,0.6823387444019318
62,GPT4,Bare Llama3B,6,0.0,0.047044456005096436,0.9529555439949036
63,GPT4,Bare Llama3B,4,0.0,0.03858688473701477,0.9614131152629852
64,GPT4,Bare Llama3B,5,0.14103361368179324,0.7,0.15896638631820678
65,GPT4,Bare Llama3B,2,0.0,0.19043469429016113,0.8095653057098389
66,GPT4,Bare Llama3B,2,0.12220760583877566,0.4222076058387756,0.45558478832244875
67,GPT4,Bare Llama3B,3,0.1488786578178406,0.7,0.15112134218215942
68,GPT4,Bare Llama3B,5,0.0,0.0074656009674072266,0.9925343990325928
69,GPT4,Bare Llama3B,7,0.14869050085544588,0.7,0.15130949914455413
70,GPT4,Bare Llama3B,3,0.9937899133656174,0.0062100866343826056,0.0
71,GPT4,Bare Llama3B,4,0.048743540048599265,0.24874354004859922,0.7025129199028015
72,GPT4,Bare Llama3B,5,0.0,0.14104101061820984,0.8589589893817902
73,GPT4,Bare Llama3B,3,0.0,0.15529978275299072,0.8447002172470093
74,GPT4,Bare Llama3B,4,0.12728317975997927,0.7,0.17271682024002075
75,GPT4,Bare Llama3B,4,0.0,0.03692099452018738,0.9630790054798126
76,GPT4,Bare Llama3B,3,0.0584218889474869,0.25842188894748686,0.6831562221050262
77,GPT4,Bare Llama3B,5,0.12337545454502108,0.423375454545021,0.4532490909099579
78,GPT4,Bare Llama3B,4,0.09631543755531313,0.2963154375553131,0.6073691248893738
79,GPT4,Bare Llama3B,4,0.14296462535858157,0.7,0.15703537464141845
80,GPT4,Bare Llama3B,4,0.0,0.07414034008979797,0.925859659910202
81,GPT4,Bare Llama3B,2,0.0,0.08190557360649109,0.9180944263935089
82,GPT4,Bare Llama3B,5,0.0,0.1419350504875183,0.8580649495124817
83,GPT4,Bare Llama3B,2,0.020879754424095176,0.22087975442409513,0.7582404911518097
84,GPT4,Bare Llama3B,2,0.134024316072464,0.7,0.165975683927536
85,GPT4,Bare Llama3B,2,0.0,0.17595160007476807,0.8240483999252319
86,GPT4,Bare Llama3B,2,0.0,0.07277631759643555,0.9272236824035645
87,GPT4,Bare Llama3B,4,0.0,0.03550240397453308,0.9644975960254669
88,GPT4,Bare Llama3B,4,0.0,0.02743297815322876,0.9725670218467712
89,GPT4,Bare Llama3B,5,0.15190316140651705,0.7,0.14809683859348297
90,GPT4,Bare Llama3B,3,0.019868874549865745,0.2198688745498657,0.7602622509002686
91,GPT4,Bare Llama3B,3,0.0,0.0629623532295227,0.9370376467704773
92,GPT4,Bare Llama3B,3,0.0,0.09027272462844849,0.9097272753715515
93,GPT4,Bare Llama3B,3,0.8820546581409872,0.11794534185901284,0.0
94,GPT4,Bare Llama3B,4,0.1449912875890732,0.7,0.1550087124109268
95,GPT4,Bare Llama3B,3,0.0,0.03815513849258423,0.9618448615074158
96,GPT4,Bare Llama3B,4,0.0695583760738373,0.26955837607383726,0.6608832478523254
97,GPT4,Bare Llama3B,5,0.0,0.13226109743118286,0.8677389025688171
98,GPT4,Bare Llama3B,2,0.07514072358608248,0.27514072358608244,0.6497185528278351
99,GPT4,Bare Llama3B,4,0.022602224349975608,0.22260222434997556,0.7547955513000488
100,GPT4,Bare Llama3B,2,0.12968003153800967,0.7,0.17031996846199035
101,GPT4,Bare Llama3B,3,0.1378155440092087,0.7,0.16218445599079132
102,GPT4,Bare Llama3B,6,0.0,0.15702179074287415,0.8429782092571259
103,GPT4,Bare Llama3B,2,0.0,0.0065399110317230225,0.993460088968277
104,GPT4,Bare Llama3B,4,0.0,0.04737845063209534,0.9526215493679047
105,GPT4,Bare Llama3B,4,0.08641275167465212,0.2864127516746521,0.6271744966506958
106,GPT4,Bare Llama3B,4,0.10570212602615359,0.4057021260261535,0.4885957479476929
107,GPT4,Bare Llama3B,5,0.0,0.16597944498062134,0.8340205550193787
108,GPT4,Bare Llama3B,3,0.0998066157102585,0.29980661571025846,0.600386768579483
109,GPT4,Bare Llama3B,4,0.11605032682418825,0.4160503268241882,0.46789934635162356
110,GPT4,Bare Llama3B,4,0.07432820796966555,0.2743282079696655,0.651343584060669
111,GPT4,Bare Llama3B,4,0.0,0.1062089204788208,0.8937910795211792
112,GPT4,Bare Llama3B,5,0.9811162082478404,0.018883791752159595,0.0
113,GPT4,Bare Llama3B,4,0.150716507434845,0.7,0.14928349256515502
114,GPT4,Bare Llama3B,4,0.7836735248565674,0.2081632375717163,0.008163237571716303
115,GPT4,Bare Llama3B,4,0.1448651194572449,0.7,0.15513488054275512
116,GPT4,Bare Llama3B,4,0.14701768159866335,0.7,0.15298231840133666
117,GPT4,Bare Llama3B,6,0.14665045738220217,0.7,0.15334954261779785
118,GPT4,Bare Llama3B,5,0.0,0.025246620178222656,0.9747533798217773
119,GPT4,Bare Llama3B,7,0.995480396784842,0.004519603215157986,0.0
120,GPT4,Bare Llama3B,4,0.13577374219894411,0.7,0.1642262578010559
121,GPT4,Bare Llama3B,5,0.0,0.0021758675575256348,0.9978241324424744
122,GPT4,Bare Llama3B,4,0.09964495301246645,0.2996449530124664,0.6007100939750671
123,GPT4,Bare Llama3B,2,0.0,0.09475380182266235,0.9052461981773376
124,GPT4,Bare Llama3B,4,0.08046399950981142,0.2804639995098114,0.6390720009803772
125,GPT4,Bare Llama3B,3,0.0,0.10905924439430237,0.8909407556056976
126,GPT4,Bare Llama3B,3,0.0,0.019708991050720215,0.9802910089492798
127,GPT4,Bare Llama3B,3,0.0,0.0538465678691864,0.9461534321308136
128,GPT4,Bare Llama3B,5,0.08365442752838137,0.2836544275283813,0.6326911449432373
129,GPT4,Bare Llama3B,6,0.0,0.01878654956817627,0.9812134504318237
130,GPT4,Bare Llama3B,4,0.0,0.045329660177230835,0.9546703398227692
131,GPT4,Bare Llama3B,3,0.047771582007408164,0.24777158200740812,0.7044568359851837
132,GPT4,Bare Llama3B,4,0.14771276116371157,0.7,0.15228723883628845
133,GPT4,Bare Llama3B,5,0.0,0.03821370005607605,0.961786299943924
134,GPT4,Bare Llama3B,5,0.0,0.09266099333763123,0.9073390066623688
135,GPT4,Bare Llama3B,4,0.9625382528174669,0.037461747182533145,0.0
136,GPT4,Bare Llama3B,5,0.0,0.034306466579437256,0.9656935334205627
137,GPT4,Bare Llama3B,4,0.05133407711982729,0.25133407711982725,0.6973318457603455
138,GPT4,Bare Llama3B,2,0.0,0.05217057466506958,0.9478294253349304
139,GPT4,Bare Llama3B,2,0.0,0.08594280481338501,0.914057195186615
140,GPT4,Bare Llama3B,6,0.0,0.05212998390197754,0.9478700160980225
141,GPT4,Bare Llama3B,3,0.149407634139061,0.7,0.15059236586093902
142,GPT4,Bare Llama3B,4,0.04976403117179873,0.24976403117179868,0.7004719376564026
143,GPT4,Bare Llama3B,5,0.9969096195418388,0.003090380458161235,0.0
144,GPT4,Bare Llama3B,2,0.09071662425994875,0.2907166242599487,0.6185667514801025
145,GPT4,Bare Llama3B,6,0.0,0.024992316961288452,0.9750076830387115
146,GPT4,Bare Llama3B,3,0.0,0.03922301530838013,0.9607769846916199
147,GPT4,Bare Llama3B,2,0.0,0.17827263474464417,0.8217273652553558
148,GPT4,Bare Llama3B,4,0.0,0.043904662132263184,0.9560953378677368
149,GPT4,Bare Llama3B,3,0.06976734995841982,0.2697673499584198,0.6604653000831604
150,GPT4,Bare Llama3B,5,0.09561889767646792,0.2956188976764679,0.6087622046470642
151,GPT4,Bare Llama3B,5,0.03466899096965792,0.23466899096965788,0.7306620180606842
152,GPT4,Bare Llama3B,4,0.08654157221317293,0.2865415722131729,0.6269168555736542
153,GPT4,Bare Llama3B,6,0.0,0.013536304235458374,0.9864636957645416
154,GPT4,Bare Llama3B,4,0.009850078821182273,0.20985007882118223,0.7802998423576355
155,GPT4,Bare Llama3B,2,0.0,0.045316994190216064,0.9546830058097839
156,GPT4,Bare Llama3B,5,0.05442016720771792,0.2544201672077179,0.6911596655845642
157,GPT4,Bare Llama3B,3,0.0,0.10480234026908875,0.8951976597309113
158,GPT4,Bare Llama3B,5,0.12187691926956179,0.4218769192695617,0.4562461614608765
159,GPT4,Bare Llama3B,6,0.11592953801155093,0.41592953801155086,0.4681409239768982
160,GPT4,Bare Llama3B,3,0.0,0.1365782916545868,0.8634217083454132
161,GPT4,Bare Llama3B,5,0.1502351999282837,0.7,0.1497648000717163
162,GPT4,Bare Llama3B,4,0.0,0.005219876766204834,0.9947801232337952
163,GPT4,Bare Llama3B,4,0.14605639278888705,0.7,0.15394360721111297
164,GPT4,Bare Llama3B,3,0.0,0.12307989597320557,0.8769201040267944
165,GPT4,Bare Llama3B,4,0.144046226143837,0.7,0.15595377385616302
166,GPT4,Bare Llama3B,6,0.0,0.011005491018295288,0.9889945089817047
167,GPT4,Bare Llama3B,3,0.028469616174697898,0.22846961617469785,0.7430607676506042
168,GPT4,Bare Llama3B,7,0.04702299237251284,0.2470229923725128,0.7059540152549744
169,GPT4,Bare Llama3B,4,0.0,0.023746073246002197,0.9762539267539978
170,GPT4,Bare Llama3B,2,0.15001028180122378,0.7,0.14998971819877624
171,GPT4,Bare Llama3B,5,0.0,0.0022531747817993164,0.9977468252182007
172,GPT4,Bare Llama3B,5,0.01644597351551058,0.21644597351551054,0.7671080529689789
173,GPT4,Bare Llama3B,3,0.0,0.007261723279953003,0.992738276720047
174,GPT4,Bare Llama3B,2,0.0,0.03344109654426575,0.9665589034557343
175,GPT4,Bare Llama3B,3,0.9980830496642739,0.001916950335726142,0.0
176,GPT4,Bare Llama3B,2,0.9155162489041686,0.0844837510958314,0.0
177,GPT4,Bare Llama3B,4,0.022387260198593162,0.22238726019859312,0.7552254796028137
178,GPT4,Bare Llama3B,4,0.0,0.006723344326019287,0.9932766556739807
179,GPT4,Bare Llama3B,6,0.0,0.051298320293426514,0.9487016797065735
180,GPT4,Bare Llama3B,4,0.9950192922260612,0.004980707773938775,0.0
181,GPT4,Bare Llama3B,6,0.10842069387435915,0.4084206938743591,0.48315861225128176
182,GPT4,Bare Llama3B,5,0.1480934411287308,0.7,0.15190655887126922
183,GPT4,Bare Llama3B,3,0.047244378924369834,0.2472443789243698,0.7055112421512604
184,GPT4,Bare Llama3B,4,0.12226870059967043,0.42226870059967037,0.4554625988006592
185,GPT4,Bare Llama3B,7,0.051459217071533225,0.2514592170715332,0.6970815658569336
186,GPT4,Bare Llama3B,3,0.0,0.05041739344596863,0.9495826065540314
187,GPT4,Bare Llama3B,3,0.11511283516883852,0.41511283516883846,0.469774329662323
188,GPT4,Bare Llama3B,2,0.0,0.0026849210262298584,0.9973150789737701
189,GPT4,Bare Llama3B,6,0.08810877203941347,0.28810877203941343,0.6237824559211731
190,GPT4,Bare Llama3B,2,0.0,0.01393967866897583,0.9860603213310242
191,GPT4,Bare Llama3B,5,0.0,0.191430926322937,0.808569073677063
192,GPT4,Bare Llama3B,3,0.0,0.020504415035247803,0.9794955849647522
193,GPT4,Bare Llama3B,8,0.0,0.11375710368156433,0.8862428963184357
194,GPT4,Bare Llama3B,4,0.0,0.15496420860290527,0.8450357913970947
195,GPT4,Bare Llama3B,3,0.0,0.05091547966003418,0.9490845203399658
196,GPT4,Bare Llama3B,4,0.0,0.11126643419265747,0.8887335658073425
197,GPT4,Bare Llama3B,3,0.02968060374259951,0.22968060374259947,0.740638792514801
198,GPT4,Bare Llama3B,2,0.1112783193588257,0.41127831935882564,0.47744336128234866
199,GPT4,Bare Llama3B,3,0.0,0.011067181825637817,0.9889328181743622
200,GPT4,Bare Llama3B,4,0.0,0.11446583271026611,0.8855341672897339
201,GPT4,Bare Llama3B,2,0.0065235286951065286,0.20652352869510648,0.786952942609787
202,GPT4,Bare Llama3B,4,0.0,0.1090044379234314,0.8909955620765686
203,GPT4,Bare Llama3B,6,0.0,0.01648259162902832,0.9835174083709717
204,GPT4,Bare Llama3B,4,0.09735750555992129,0.29735750555992124,0.6052849888801575
205,GPT4,Bare Llama3B,5,0.0,0.023637115955352783,0.9763628840446472
206,GPT4,Bare Llama3B,4,0.033445516228675864,0.23344551622867582,0.7331089675426483
207,GPT4,Bare Llama3B,3,0.0,0.19928616285324097,0.800713837146759
208,GPT4,Bare Llama3B,3,0.15045958161354067,0.7,0.14954041838645935
209,GPT4,Bare Llama3B,4,0.0,0.06396728754043579,0.9360327124595642
210,GPT4,Bare Llama3B,2,0.1445284128189087,0.7,0.1554715871810913
211,GPT4,Bare Llama3B,2,0.9933815617114305,0.00661843828856945,0.0
212,GPT4,Bare Llama3B,8,0.0,0.14754942059516907,0.8524505794048309
213,GPT4,Bare Llama3B,5,0.0,0.022286564111709595,0.9777134358882904
214,GPT4,Bare Llama3B,3,0.03812297582626345,0.2381229758262634,0.7237540483474731
215,GPT4,Bare Llama3B,5,0.10954534411430361,0.40954534411430354,0.48090931177139284
216,GPT4,Bare Llama3B,4,0.0,0.14701592922210693,0.8529840707778931
217,GPT4,Bare Llama3B,2,0.0,0.04105660319328308,0.9589433968067169
218,GPT4,Bare Llama3B,2,0.027420857548713706,0.22742085754871366,0.7451582849025726
219,GPT4,Bare Llama3B,5,0.08753767013549807,0.287537670135498,0.6249246597290039
220,GPT4,Bare Llama3B,6,0.13233659565448763,0.7,0.16766340434551238
221,GPT4,Bare Llama3B,3,0.0,0.05851924419403076,0.9414807558059692
222,GPT4,Bare Llama3B,3,0.0609441936016083,0.26094419360160825,0.6781116127967834
223,GPT4,Bare Llama3B,5,0.0,0.03251910209655762,0.9674808979034424
224,GPT4,Bare Llama3B,4,0.14052546918392184,0.7,0.15947453081607818
225,GPT4,Bare Llama3B,2,0.0,0.1882147490978241,0.8117852509021759
226,GPT4,Bare Llama3B,5,0.0,0.04909396171569824,0.9509060382843018
227,GPT4,Bare Llama3B,5,0.9765584208071232,0.023441579192876816,0.0
228,GPT4,Bare Llama3B,6,0.0,0.10590848326683044,0.8940915167331696
229,GPT4,Bare Llama3B,3,0.11115130186080935,0.4111513018608093,0.47769739627838137
230,GPT4,Bare Llama3B,3,0.01742512881755831,0.21742512881755827,0.7651497423648834
231,GPT4,Bare Llama3B,2,0.05448853373527529,0.25448853373527525,0.6910229325294495
232,GPT4,Bare Llama3B,7,0.0,0.18934792280197144,0.8106520771980286
233,GPT4,Bare Llama3B,2,0.10990926027297976,0.4099092602729797,0.48018147945404055
234,GPT4,Bare Llama3B,6,0.06222298145294192,0.2622229814529419,0.6755540370941162
235,GPT4,Bare Llama3B,2,0.0,0.0194261372089386,0.9805738627910614
236,GPT4,Bare Llama3B,4,0.041481786966323875,0.24148178696632383,0.7170364260673523
237,GPT4,Bare Llama3B,2,0.07997704446315768,0.27997704446315763,0.6400459110736847
238,GPT4,Bare Llama3B,4,0.14761955440044405,0.7,0.15238044559955596
239,GPT4,Bare Llama3B,6,0.10913586020469668,0.4091358602046966,0.4817282795906067
240,GPT4,Bare Llama3B,4,0.0,0.19345498085021973,0.8065450191497803
241,GPT4,Bare Llama3B,3,0.0,0.06969967484474182,0.9303003251552582
242,GPT4,Bare Llama3B,4,0.0031498759984970315,0.203149875998497,0.793700248003006
243,GPT4,Bare Llama3B,5,0.10232129096984866,0.4023212909698486,0.49535741806030276
244,GPT4,Bare Llama3B,6,0.040556573867797874,0.24055657386779783,0.7188868522644043
245,GPT4,Bare Llama3B,4,0.0,0.02006933093070984,0.9799306690692902
246,GPT4,Bare Llama3B,5,0.04479957520961764,0.2447995752096176,0.7104008495807648
247,GPT4,Bare Llama3B,3,0.04579787850379946,0.24579787850379942,0.7084042429924011
248,GPT4,Bare Llama3B,6,0.1234013080596924,0.42340130805969234,0.45319738388061526
249,GPT4,Bare Llama3B,2,0.0,0.006939291954040527,0.9930607080459595
250,GPT4,Bare Llama3B,3,0.0,0.03327861428260803,0.966721385717392
251,GPT4,Bare Llama3B,3,0.06386476159095766,0.2638647615909576,0.6722704768180847
252,GPT4,Bare Llama3B,2,0.0,0.11758407950401306,0.8824159204959869
253,GPT4,Bare Llama3B,5,0.10448972284793856,0.4044897228479385,0.49102055430412295
254,GPT4,Bare Llama3B,5,0.01522987484931948,0.21522987484931944,0.7695402503013611
255,GPT4,Bare Llama3B,4,0.0,0.0657217800617218,0.9342782199382782
256,GPT4,Bare Llama3B,6,0.13745737969875338,0.7,0.16254262030124664
257,GPT4,Bare Llama3B,6,0.0,0.024440109729766846,0.9755598902702332
258,GPT4,Bare Llama3B,4,0.03759875297546389,0.23759875297546384,0.7248024940490723
259,GPT4,Bare Llama3B,2,0.0,0.14709874987602234,0.8529012501239777
260,GPT4,Bare Llama3B,4,0.1426523417234421,0.7,0.15734765827655792
261,GPT4,Bare Llama3B,7,0.06905973851680758,0.26905973851680753,0.6618805229663849
262,GPT4,Bare Llama3B,5,0.0,0.1560305953025818,0.8439694046974182
263,GPT4,Bare Llama3B,4,0.005859711766243003,0.20585971176624296,0.788280576467514
264,GPT4,Bare Llama3B,2,0.0,0.14688065648078918,0.8531193435192108
265,GPT4,Bare Llama3B,4,0.104013466835022,0.40401346683502193,0.4919730663299561
266,GPT4,Bare Llama3B,4,0.13415550589561465,0.7,0.16584449410438537
267,GPT4,Bare Llama3B,3,0.13579321801662447,0.7,0.16420678198337554
268,GPT4,Bare Llama3B,4,0.026856580376625083,0.22685658037662504,0.7462868392467499
269,GPT4,Bare Llama3B,3,0.15624699890613558,0.7,0.14375300109386444
270,GPT4,Bare Llama3B,5,0.11432735025882723,0.41432735025882717,0.4713452994823456
271,GPT4,Bare Llama3B,7,0.03060833513736727,0.23060833513736723,0.7387833297252655
272,GPT4,Bare Llama3B,3,0.16762565027456733,0.7,0.1323743497254327
273,GPT4,Bare Llama3B,7,0.10852512121200564,0.40852512121200557,0.4829497575759888
274,GPT4,Bare Llama3B,5,0.10604029297828677,0.4060402929782867,0.48791941404342654
275,GPT4,Bare Llama3B,4,0.0,0.1613074541091919,0.8386925458908081
276,GPT4,Bare Llama3B,4,0.08771480023860934,0.2877148002386093,0.6245703995227814
277,GPT4,Bare Llama3B,4,0.0,0.13373124599456787,0.8662687540054321
278,GPT4,Bare Llama3B,3,0.0,0.07757645845413208,0.9224235415458679
279,GPT4,Bare Llama3B,4,0.0,0.03604692220687866,0.9639530777931213
280,GPT4,Bare Llama3B,3,0.0,0.19403886795043945,0.8059611320495605
281,GPT4,Bare Llama3B,3,0.04695975184440615,0.2469597518444061,0.7060804963111877
282,GPT4,Bare Llama3B,3,0.0,0.07618704438209534,0.9238129556179047
283,GPT4,Bare Llama3B,3,0.0,0.02634391188621521,0.9736560881137848
284,GPT4,Bare Llama3B,4,0.05816316008567812,0.2581631600856781,0.6836736798286438
285,GPT4,Bare Llama3B,3,0.02828469276428225,0.2282846927642822,0.7434306144714355
286,GPT4,Bare Llama3B,5,0.17132759690284727,0.7143362015485764,0.11433620154857635
287,GPT4,Bare Llama3B,4,0.14958921968936922,0.7,0.1504107803106308
288,GPT4,Bare Llama3B,5,0.0,0.004054129123687744,0.9959458708763123
289,GPT4,Bare Llama3B,8,0.14921499192714693,0.7,0.15078500807285308
290,GPT4,Bare Llama3B,4,0.9973927759565413,0.0026072240434587,0.0
291,GPT4,Bare Llama3B,4,0.03942232728004458,0.23942232728004453,0.7211553454399109
292,GPT4,Bare Llama3B,5,0.06856363415718081,0.26856363415718076,0.6628727316856384
293,GPT4,Bare Llama3B,6,0.0,0.06182017922401428,0.9381798207759857
294,GPT4,Bare Llama3B,5,0.1440106123685837,0.7,0.15598938763141632
295,GPT4,Bare Llama3B,6,0.017812886834144614,0.21781288683414457,0.7643742263317108
296,GPT4,Bare Llama3B,6,0.14948254227638247,0.7,0.15051745772361755
297,GPT4,Bare Llama3B,3,0.9934893324971199,0.0065106675028800964,0.0
298,GPT4,Bare Llama3B,4,0.09017334282398226,0.2901733428239822,0.6196533143520355
299,GPT4,Bare Llama3B,7,0.0,0.015604794025421143,0.9843952059745789
300,GPT4,Bare Llama3B,3,0.0,0.18699964880943298,0.813000351190567
301,GPT4,Bare Llama3B,2,0.0,0.13791009783744812,0.8620899021625519
302,GPT4,Bare Llama3B,2,0.0,0.14212170243263245,0.8578782975673676
303,GPT4,Bare Llama3B,5,0.10066516101360323,0.40066516101360317,0.4986696779727936
304,GPT4,Bare Llama3B,4,0.0,0.002653360366821289,0.9973466396331787
305,GPT4,Bare Llama3B,2,0.12563554346561434,0.7,0.17436445653438568
306,GPT4,Bare Llama3B,4,0.0,0.07415762543678284,0.9258423745632172
307,GPT4,Bare Llama3B,3,0.0,0.022380173206329346,0.9776198267936707
308,GPT4,Bare Llama3B,5,0.1156467139720917,0.41564671397209163,0.4687065720558167
309,GPT4,Bare Llama3B,5,0.0,0.024298489093780518,0.9757015109062195
310,GPT4,Bare Llama3B,3,0.14933865666389468,0.7,0.15066134333610534
311,GPT4,Bare Llama3B,6,0.0,0.05972352623939514,0.9402764737606049
312,GPT4,Bare Llama3B,2,0.0,0.005317717790603638,0.9946822822093964
313,GPT4,Bare Llama3B,6,0.9576508244499564,0.04234917555004358,0.0
314,GPT4,Bare Llama3B,5,0.0,0.15439477562904358,0.8456052243709564
315,GPT4,Bare Llama3B,1,0.6150530105223879,0.292473494738806,0.09247349473880603
316,GPT4,Bare Llama3B,4,0.11178592741489413,0.41178592741489406,0.4764281451702118
317,GPT4,Bare Llama3B,2,0.09354647397994997,0.29354647397994993,0.6129070520401001
318,GPT4,Bare Llama3B,4,0.1471219301223755,0.7,0.1528780698776245
319,GPT4,Bare Llama3B,4,0.0,0.13743647933006287,0.8625635206699371
320,GPT4,Bare Llama3B,9,0.14336728453636172,0.7,0.1566327154636383
321,GPT4,Bare Llama3B,2,0.0,0.1405649185180664,0.8594350814819336
322,GPT4,Bare Llama3B,2,0.0,0.025198012590408325,0.9748019874095917
323,GPT4,Bare Llama3B,3,0.02357851862907412,0.22357851862907407,0.7528429627418518
324,GPT4,Bare Llama3B,6,0.007638910412788413,0.20763891041278837,0.7847221791744232
325,GPT4,Bare Llama3B,4,0.015831077098846458,0.2158310770988464,0.7683378458023071
326,GPT4,Bare Llama3B,3,0.9978299317299388,0.002170068270061165,0.0
327,GPT4,Bare Llama3B,2,0.1226672023534775,0.42266720235347743,0.45466559529304507
328,GPT4,Bare Llama3B,2,0.03443450629711153,0.2344345062971115,0.731130987405777
329,GPT4,Bare Llama3B,6,0.0,0.043485045433044434,0.9565149545669556
330,GPT4,Bare Llama3B,2,0.0,0.09867003560066223,0.9013299643993378
331,GPT4,Bare Llama3B,3,0.14975992739200594,0.7,0.15024007260799407
332,GPT4,Bare Llama3B,3,0.0,0.06253182888031006,0.9374681711196899
333,GPT4,Bare Llama3B,4,0.1284318804740906,0.7,0.17156811952590942
334,GPT4,Bare Llama3B,4,0.14297824501991274,0.7,0.15702175498008727
335,GPT4,Bare Llama3B,3,0.0,0.007635295391082764,0.9923647046089172
336,GPT4,Bare Llama3B,3,0.0829371899366379,0.28293718993663786,0.6341256201267242
337,GPT4,Bare Llama3B,2,0.9576658057048917,0.04233419429510832,0.0
338,GPT4,Bare Llama3B,6,0.971337849739939,0.028662150260061026,0.0
339,GPT4,Bare Llama3B,5,0.0,0.04616478085517883,0.9538352191448212
340,GPT4,Bare Llama3B,3,0.0,0.040891021490097046,0.959108978509903
341,GPT4,Bare Llama3B,3,0.14968798458576205,0.7,0.15031201541423797
342,GPT4,Bare Llama3B,3,0.047564545273780845,0.2475645452737808,0.7048709094524384
343,GPT4,Bare Llama3B,4,0.0,0.06345152854919434,0.9365484714508057
344,GPT4,Bare Llama3B,4,0.08551288545131686,0.2855128854513168,0.6289742290973663
345,GPT4,Bare Llama3B,4,0.11476134657859804,0.414761346578598,0.470477306842804
346,GPT4,Bare Llama3B,2,0.06269880533218386,0.2626988053321838,0.6746023893356323
347,GPT4,Bare Llama3B,4,0.13875412344932558,0.7,0.16124587655067443
348,GPT4,Bare Llama3B,4,0.05613149106502535,0.2561314910650253,0.6877370178699493
349,GPT4,Bare Llama3B,5,0.0,0.03646409511566162,0.9635359048843384
350,GPT4,Bare Llama3B,6,0.0,0.030368298292160034,0.96963170170784
351,GPT4,Bare Llama3B,5,0.0,0.02104613184928894,0.9789538681507111
352,GPT4,Bare Llama3B,7,0.04571613073349001,0.24571613073348997,0.70856773853302
353,GPT4,Bare Llama3B,3,0.0,0.1285453736782074,0.8714546263217926
354,GPT4,Bare Llama3B,3,0.0,0.03852441906929016,0.9614755809307098
355,GPT4,Bare Llama3B,7,0.0,0.09384942054748535,0.9061505794525146
356,GPT4,Bare Llama3B,5,0.0,0.054326266050338745,0.9456737339496613
357,GPT4,Bare Llama3B,4,0.9873814934398979,0.012618506560102105,0.0
358,GPT4,Bare Llama3B,5,0.08458287417888644,0.2845828741788864,0.6308342516422272
359,GPT4,Bare Llama3B,7,0.0,0.18146854639053345,0.8185314536094666
360,GPT4,Bare Llama3B,2,0.0,0.12480968236923218,0.8751903176307678
361,GPT4,Bare Llama3B,4,0.0,0.12232005596160889,0.8776799440383911
362,GPT4,Bare Llama3B,4,0.0974044591188431,0.29740445911884306,0.6051910817623138
363,GPT4,Bare Llama3B,4,0.0,0.06747666001319885,0.9325233399868011
364,GPT4,Bare Llama3B,4,0.0,0.025885730981826782,0.9741142690181732
365,GPT4,Bare Llama3B,6,0.025406503677368186,0.22540650367736814,0.7491869926452637
366,GPT4,Bare Llama3B,3,0.12731587290763857,0.7,0.17268412709236144
367,GPT4,Bare Llama3B,3,0.14985286593437197,0.7,0.15014713406562805
368,GPT4,Bare Llama3B,5,0.0,0.029002368450164795,0.9709976315498352
369,GPT4,Bare Llama3B,4,0.0,0.01611804962158203,0.983881950378418
370,GPT4,Bare Llama3B,5,0.04689719676971438,0.24689719676971433,0.7062056064605713
371,GPT4,Bare Llama3B,4,0.06084741055965426,0.2608474105596542,0.6783051788806915
372,GPT4,Bare Llama3B,5,0.0,0.0296572744846344,0.9703427255153656
373,GPT4,Bare Llama3B,3,0.12155617177486422,0.42155617177486415,0.45688765645027163
374,GPT4,Bare Llama3B,5,0.0,0.011502325534820557,0.9884976744651794
375,GPT4,Bare Llama3B,5,0.07757707834243777,0.2775770783424377,0.6448458433151245
376,GPT4,Bare Llama3B,4,0.0954944580793381,0.29549445807933805,0.6090110838413239
377,GPT4,Bare Llama3B,6,0.03425011932849886,0.23425011932849882,0.7314997613430023
378,GPT4,Bare Llama3B,7,0.0,0.026141852140426636,0.9738581478595734
379,GPT4,Bare Llama3B,4,0.96240109577775,0.037598904222249985,0.0
380,GPT4,Bare Llama3B,3,0.0,0.031889915466308594,0.9681100845336914
381,GPT4,Bare Llama3B,2,0.07771150171756747,0.2777115017175674,0.6445769965648651
382,GPT4,Bare Llama3B,3,0.0,0.024188458919525146,0.9758115410804749
383,GPT4,Bare Llama3B,2,0.0,0.001580953598022461,0.9984190464019775
384,GPT4,Bare Llama3B,3,0.08714220821857455,0.2871422082185745,0.625715583562851
385,GPT4,Bare Llama3B,5,0.09534558057785036,0.2953455805778503,0.6093088388442993
386,GPT4,Bare Llama3B,3,0.0,0.007141172885894775,0.9928588271141052
387,GPT4,Bare Llama3B,3,0.0,0.013332784175872803,0.9866672158241272
388,GPT4,Bare Llama3B,3,0.02009897828102114,0.2200989782810211,0.7598020434379578
389,GPT4,Bare Llama3B,4,0.0,0.03295817971229553,0.9670418202877045
390,GPT4,Bare Llama3B,2,0.0,0.02035766839981079,0.9796423316001892
391,GPT4,Bare Llama3B,5,0.0,0.09138020873069763,0.9086197912693024
392,GPT4,Bare Llama3B,3,0.11818760037422182,0.41818760037422176,0.4636247992515564
393,GPT4,Bare Llama3B,3,0.0,0.006157130002975464,0.9938428699970245
394,GPT4,Bare Llama3B,4,0.14489387869834902,0.7,0.155106121301651
395,GPT4,Bare Llama3B,5,0.01629593372344973,0.21629593372344968,0.7674081325531006
396,GPT4,Bare Llama3B,3,0.0,0.07435059547424316,0.9256494045257568
397,GPT4,Bare Llama3B,3,0.06236825287342074,0.2623682528734207,0.6752634942531586
398,GPT4,Bare Llama3B,3,0.9950232922565192,0.004976707743480802,0.0
399,GPT4,Bare Llama3B,2,0.0,0.05080491304397583,0.9491950869560242
400,GPT4,Bare Llama3B,2,0.0,0.01170453429222107,0.9882954657077789
401,GPT4,Bare Llama3B,2,0.14956539273262026,0.7,0.15043460726737976
402,GPT4,Bare Llama3B,6,0.0,0.18044093251228333,0.8195590674877167
403,GPT4,Bare Llama3B,3,0.03663224875926974,0.2366322487592697,0.7267355024814606
404,GPT4,Bare Llama3B,6,0.042949149012565635,0.2429491490125656,0.7141017019748688
405,GPT4,Bare Llama3B,4,0.10807573199272158,0.4080757319927215,0.4838485360145569
406,GPT4,Bare Llama3B,4,0.13622965812683108,0.7,0.16377034187316894
407,GPT4,Bare Llama3B,3,0.13994323611259463,0.7,0.1600567638874054
408,GPT4,Bare Llama3B,5,0.0460370868444443,0.24603708684444425,0.7079258263111115
409,GPT4,Bare Llama3B,5,0.0,0.015279412269592285,0.9847205877304077
410,GPT4,Bare Llama3B,5,0.12840759158134463,0.7,0.1715924084186554
411,GPT4,Bare Llama3B,4,0.08211580812931063,0.2821158081293106,0.6357683837413788
412,GPT4,Bare Llama3B,3,0.0,0.008047789335250854,0.9919522106647491
413,GPT4,Bare Llama3B,7,0.0,0.11262604594230652,0.8873739540576935
414,GPT4,Bare Llama3B,4,0.0,0.010413914918899536,0.9895860850811005
415,GPT4,Bare Llama3B,5,0.0,0.008368074893951416,0.9916319251060486
416,GPT4,Bare Llama3B,6,0.1486974895000458,0.7,0.15130251049995422
417,GPT4,Bare Llama3B,4,0.0,0.14267581701278687,0.8573241829872131
418,GPT4,Bare Llama3B,4,0.1306574583053589,0.7,0.1693425416946411
419,GPT4,Bare Llama3B,6,0.0,0.044806838035583496,0.9551931619644165
420,GPT4,Bare Llama3B,6,0.0,0.17360201478004456,0.8263979852199554
421,GPT4,Bare Llama3B,4,0.0,0.18052807450294495,0.819471925497055
422,GPT4,Bare Llama3B,6,0.0,0.15676096081733704,0.843239039182663
423,GPT4,Bare Llama3B,3,0.0,0.15146759152412415,0.8485324084758759
424,GPT4,Bare Llama3B,5,0.0614116430282593,0.26141164302825926,0.6771767139434814
425,GPT4,Bare Llama3B,3,0.0,0.05542910099029541,0.9445708990097046
426,GPT4,Bare Llama3B,7,0.014144504070282005,0.21414450407028196,0.771710991859436
427,GPT4,Bare Llama3B,3,0.0,0.002084702253341675,0.9979152977466583
428,GPT4,Bare Llama3B,4,0.0,0.15089887380599976,0.8491011261940002
429,GPT4,Bare Llama3B,4,0.0,0.09800320863723755,0.9019967913627625
430,GPT4,Bare Llama3B,4,0.0,0.13190186023712158,0.8680981397628784
431,GPT4,Bare Llama3B,5,0.13389677703380587,0.7,0.16610322296619415
432,GPT4,Bare Llama3B,6,0.038156339526176475,0.23815633952617643,0.7236873209476471
433,GPT4,Bare Llama3B,3,0.8062704922631383,0.1937295077368617,0.0
434,GPT4,Bare Llama3B,4,0.02018595635890963,0.22018595635890958,0.7596280872821808
435,GPT4,Bare Llama3B,5,0.0,0.05551034212112427,0.9444896578788757
436,GPT4,Bare Llama3B,2,0.0,0.027748435735702515,0.9722515642642975
437,GPT4,Bare Llama3B,5,0.0,0.08231645822525024,0.9176835417747498
438,GPT4,Bare Llama3B,2,0.0,0.1973876655101776,0.8026123344898224
439,GPT4,Bare Llama3B,6,0.9954789862968028,0.004521013703197241,0.0
440,GPT4,Bare Llama3B,6,0.12780056297779085,0.7,0.17219943702220916
441,GPT4,Bare Llama3B,5,0.1508942931890488,0.7,0.14910570681095123
442,GPT4,Bare Llama3B,4,0.0,0.06812402606010437,0.9318759739398956
443,GPT4,Bare Llama3B,4,0.052977392077446006,0.25297739207744596,0.694045215845108
444,GPT4,Bare Llama3B,3,0.07950063943862917,0.27950063943862913,0.6409987211227417
445,GPT4,Bare Llama3B,3,0.0,0.08311408758163452,0.9168859124183655
446,GPT4,Bare Llama3B,4,0.0,0.12689998745918274,0.8731000125408173
447,GPT4,Bare Llama3B,4,0.06078048944473269,0.26078048944473264,0.6784390211105347
448,GPT4,Bare Llama3B,5,0.0,0.021858155727386475,0.9781418442726135
449,GPT4,Bare Llama3B,4,0.02435439229011538,0.22435439229011533,0.7512912154197693
450,GPT4,Bare Llama3B,2,0.0,0.018893718719482422,0.9811062812805176
451,GPT4,Bare Llama3B,2,0.0,0.1871878206729889,0.8128121793270111
452,GPT4,Bare Llama3B,2,0.15163318216800692,0.7,0.1483668178319931
453,GPT4,Bare Llama3B,5,0.0,0.11129245162010193,0.8887075483798981
454,GPT4,Bare Llama3B,9,0.0,0.04737943410873413,0.9526205658912659
455,GPT4,Bare Llama3B,6,0.0,0.19719818234443665,0.8028018176555634
456,GPT4,Bare Llama3B,3,0.9973464206559584,0.0026535793440416455,0.0
457,GPT4,Bare Llama3B,3,0.0,0.005183607339859009,0.994816392660141
458,GPT4,Bare Llama3B,2,0.07948159575462344,0.2794815957546234,0.6410368084907532
459,GPT4,Bare Llama3B,6,0.12802819311618807,0.7,0.17197180688381195
460,GPT4,Bare Llama3B,8,0.8658496886491776,0.13415031135082245,0.0
461,GPT4,Bare Llama3B,6,0.01819422245025637,0.21819422245025633,0.7636115550994873
462,GPT4,Bare Llama3B,4,0.13384760320186617,0.7,0.16615239679813384
463,GPT4,Bare Llama3B,4,0.0,0.13804513216018677,0.8619548678398132
464,GPT4,Bare Llama3B,4,0.0,0.07003870606422424,0.9299612939357758
465,GPT4,Bare Llama3B,4,0.1243088632822037,0.42430886328220363,0.4513822734355927
466,GPT4,Bare Llama3B,5,0.025594839453697227,0.22559483945369718,0.7488103210926056
467,GPT4,Bare Llama3B,4,0.025807106494903587,0.22580710649490354,0.7483857870101929
468,GPT4,Bare Llama3B,5,0.0,0.029400140047073364,0.9705998599529266
469,GPT4,Bare Llama3B,4,0.11956720948219302,0.41956720948219295,0.46086558103561404
470,GPT4,Bare Llama3B,1,0.0,0.010755032300949097,0.9892449676990509
471,GPT4,Bare Llama3B,6,0.09912442564964297,0.2991244256496429,0.6017511487007141
472,GPT4,Bare Llama3B,2,0.006886640191078208,0.20688664019107816,0.7862267196178436
473,GPT4,Bare Llama3B,5,0.0,0.007960379123687744,0.9920396208763123
474,GPT4,Bare Llama3B,5,0.0,0.09198212623596191,0.9080178737640381
475,GPT4,Bare Llama3B,5,0.0,0.05213737487792969,0.9478626251220703
476,GPT4,Bare Llama3B,3,0.0,0.024752169847488403,0.9752478301525116
477,GPT4,Bare Llama3B,2,0.13770180344581606,0.7,0.16229819655418395
478,GPT4,Bare Llama3B,4,0.03121852278709414,0.2312185227870941,0.7375629544258118
479,GPT4,Bare Llama3B,3,0.0,0.12007462978363037,0.8799253702163696
480,GPT4,Bare Llama3B,4,0.11558876335620882,0.41558876335620876,0.4688224732875824
481,GPT4,Bare Llama3B,6,0.0,0.10194212198257446,0.8980578780174255
482,GPT4,Bare Llama3B,4,0.057762527465820335,0.2577625274658203,0.6844749450683594
483,GPT4,Bare Llama3B,5,0.0,0.15923315286636353,0.8407668471336365
484,GPT4,Bare Llama3B,5,0.0,0.05939435958862305,0.940605640411377
485,GPT4,Bare Llama3B,5,0.09119526445865633,0.2911952644586563,0.6176094710826874
486,GPT4,Bare Llama3B,2,0.12257739305496218,0.4225773930549621,0.4548452138900757
487,GPT4,Bare Llama3B,3,0.10227889716625216,0.4022788971662521,0.49544220566749575
488,GPT4,Bare Llama3B,3,0.0,0.01413145661354065,0.9858685433864594
489,GPT4,Bare Llama3B,8,0.11949125826358797,0.4194912582635879,0.4610174834728241
490,GPT4,Bare Llama3B,4,0.0,0.008877366781234741,0.9911226332187653
491,GPT4,Bare Llama3B,4,0.0,0.04864215850830078,0.9513578414916992
492,GPT4,Bare Llama3B,4,0.0,0.010361969470977783,0.9896380305290222
493,GPT4,Bare Llama3B,5,0.0,0.16456517577171326,0.8354348242282867
494,GPT4,Bare Llama3B,5,0.0005303412675857766,0.20053034126758573,0.7989393174648285
495,GPT4,Bare Llama3B,5,0.0,0.006593942642211914,0.9934060573577881
496,GPT4,Bare Llama3B,2,0.12767487168312075,0.7,0.17232512831687927
497,GPT4,Bare Llama3B,6,0.03648127019405367,0.23648127019405363,0.7270374596118927
498,GPT4,Bare Llama3B,5,0.10381452143192293,0.40381452143192287,0.4923709571361542
499,GPT4,Bare Llama3B,3,0.0833324730396271,0.28333247303962705,0.6333350539207458
500,GPT4,Bare Llama3B,3,0.06907870769500735,0.2690787076950073,0.6618425846099854
501,GPT4,Bare Llama3B,5,0.02878246605396273,0.22878246605396269,0.7424350678920746
502,GPT4,Bare Llama3B,11,0.0,0.04295456409454346,0.9570454359054565
503,GPT4,Bare Llama3B,3,0.013465070724487327,0.21346507072448728,0.7730698585510254
504,GPT4,Bare Llama3B,6,0.1522726207971573,0.7,0.1477273792028427
505,GPT4,Bare Llama3B,2,0.0,0.03438591957092285,0.9656140804290771
506,GPT4,Bare Llama3B,3,0.10515735447406771,0.40515735447406764,0.48968529105186465
507,GPT4,Bare Llama3B,4,0.0,0.1462894082069397,0.8537105917930603
508,GPT4,Bare Llama3B,6,0.0,0.12894341349601746,0.8710565865039825
509,GPT4,Bare Llama3B,3,0.12639800608158114,0.7,0.17360199391841888
510,GPT4,Bare Llama3B,4,0.1389444708824158,0.7,0.16105552911758422
511,GPT4,Bare Llama3B,5,0.0,0.006629467010498047,0.993370532989502
512,GPT4,Bare Llama3B,3,0.0,0.14665323495864868,0.8533467650413513
513,GPT4,Bare Llama3B,3,0.0,0.08607509732246399,0.913924902677536
514,GPT4,Bare Llama3B,3,0.0,0.05975046753883362,0.9402495324611664
515,GPT4,Bare Llama3B,3,0.10386970043182375,0.4038697004318237,0.49226059913635256
516,GPT4,Bare Llama3B,5,0.0,0.06181243062019348,0.9381875693798065
517,GPT4,Bare Llama3B,7,0.9989772824919783,0.001022717508021742,0.0
518,GPT4,Bare Llama3B,5,0.0,0.036963969469070435,0.9630360305309296
519,GPT4,Bare Llama3B,5,0.1300098091363907,0.7,0.1699901908636093
520,GPT4,Bare Llama3B,4,0.07834192514419558,0.27834192514419553,0.6433161497116089
521,GPT4,Bare Llama3B,2,0.15151419639587405,0.7,0.14848580360412597
522,GPT4,Bare Llama3B,3,0.1294448018074036,0.7,0.17055519819259643
523,GPT4,Bare Llama3B,3,0.13275586962699892,0.7,0.1672441303730011
524,GPT4,Bare Llama3B,5,0.9964171275496483,0.003582872450351715,0.0
525,GPT4,Bare Llama3B,4,0.09369080662727358,0.29369080662727354,0.6126183867454529
526,GPT4,Bare Llama3B,2,0.0,0.03368684649467468,0.9663131535053253
527,GPT4,Bare Llama3B,8,0.06084946691989901,0.26084946691989896,0.678301066160202
528,GPT4,Bare Llama3B,2,0.1510025054216385,0.7,0.1489974945783615
529,GPT4,Bare Llama3B,5,0.0,0.07528600096702576,0.9247139990329742
530,GPT4,Bare Llama3B,6,0.0,0.02135828137397766,0.9786417186260223
531,GPT4,Bare Llama3B,2,0.148198077082634,0.7,0.15180192291736602
532,GPT4,Bare Llama3B,3,0.052941569685935996,0.25294156968593595,0.694116860628128
533,GPT4,Bare Llama3B,4,0.06067658364772799,0.26067658364772794,0.6786468327045441
534,GPT4,Bare Llama3B,7,0.15069095194339754,0.7,0.14930904805660247
535,GPT4,Bare Llama3B,2,0.0,0.03596621751785278,0.9640337824821472
536,GPT4,Bare Llama3B,4,0.01621789634227755,0.2162178963422775,0.767564207315445
537,GPT4,Bare Llama3B,4,0.0,0.1165105402469635,0.8834894597530365
538,GPT4,Bare Llama3B,3,0.0,0.044267356395721436,0.9557326436042786
539,GPT4,Bare Llama3B,5,0.042924055457115196,0.24292405545711515,0.7141518890857697
540,GPT4,Bare Llama3B,6,0.08467673659324648,0.28467673659324644,0.6306465268135071
541,GPT4,Bare Llama3B,6,0.13963840305805209,0.7,0.16036159694194793
542,GPT4,Bare Llama3B,5,0.0,0.1929740309715271,0.8070259690284729
543,GPT4,Bare Llama3B,7,0.1498358339071274,0.7,0.15016416609287261
544,GPT4,Bare Llama3B,5,0.9683463023975492,0.03165369760245085,0.0
545,GPT4,Bare Llama3B,5,0.974819652736187,0.02518034726381302,0.0
546,GPT4,Bare Llama3B,4,0.749531013192609,0.2252344934036955,0.025234493403695518
547,GPT4,Bare Llama3B,4,0.1523753345012665,0.7,0.14762466549873351
548,GPT4,Bare Llama3B,4,0.0,0.14913275837898254,0.8508672416210175
549,GPT4,Bare Llama3B,6,0.0,0.0522271990776062,0.9477728009223938
550,GPT4,Bare Llama3B,4,0.0,0.14309656620025635,0.8569034337997437
551,GPT4,Bare Llama3B,5,0.0,0.1067049503326416,0.8932950496673584
