chain_id,model,method,num_emails,sentiment_neg,sentiment_neu,sentiment_pos
0,Claude,Bare Llama8B,4,0.04173993468284609,0.24173993468284605,0.7165201306343079
1,Claude,Bare Llama8B,4,0.0,0.0023288726806640625,0.9976711273193359
2,Claude,Bare Llama8B,5,0.9502888317219913,0.0497111682780087,0.0
3,Claude,Bare Llama8B,4,0.0,0.0068576037883758545,0.9931423962116241
4,Claude,Bare Llama8B,3,0.048966073989868186,0.24896607398986814,0.7020678520202637
5,Claude,Bare Llama8B,4,0.150469908118248,0.7,0.149530091881752
6,Claude,Bare Llama8B,2,0.0,0.19668060541152954,0.8033193945884705
7,Claude,Bare Llama8B,3,0.04472682774066927,0.24472682774066923,0.7105463445186615
8,Claude,Bare Llama8B,2,0.0,0.1841256320476532,0.8158743679523468
9,Claude,Bare Llama8B,3,0.0,0.18742072582244873,0.8125792741775513
10,Claude,Bare Llama8B,3,0.13285929858684542,0.7,0.1671407014131546
11,Claude,Bare Llama8B,5,0.06707742214202883,0.2670774221420288,0.6658451557159424
12,Claude,Bare Llama8B,5,0.13747287690639498,0.7,0.16252712309360504
13,Claude,Bare Llama8B,7,0.0,0.022413194179534912,0.9775868058204651
14,Claude,Bare Llama8B,3,0.07637634277343752,0.2763763427734375,0.647247314453125
15,Claude,Bare Llama8B,2,0.0,0.021873772144317627,0.9781262278556824
16,Claude,Bare Llama8B,4,0.08463996052742007,0.28463996052742,0.6307200789451599
17,Claude,Bare Llama8B,3,0.9896364992018789,0.010363500798121095,0.0
18,Claude,Bare Llama8B,4,0.12206477820873263,0.42206477820873256,0.4558704435825348
19,Claude,Bare Llama8B,3,0.0,0.10310077667236328,0.8968992233276367
20,Claude,Bare Llama8B,5,0.09180572032928469,0.29180572032928465,0.6163885593414307
21,Claude,Bare Llama8B,5,0.142039829492569,0.7,0.15796017050743102
22,Claude,Bare Llama8B,5,0.09805407524108889,0.29805407524108884,0.6038918495178223
23,Claude,Bare Llama8B,2,0.0,0.03129386901855469,0.9687061309814453
24,Claude,Bare Llama8B,4,0.10519344508647921,0.40519344508647914,0.48961310982704165
25,Claude,Bare Llama8B,4,0.13568300902843478,0.7,0.16431699097156524
26,Claude,Bare Llama8B,3,0.08920694291591647,0.2892069429159164,0.6215861141681671
27,Claude,Bare Llama8B,2,0.0,0.1912616789340973,0.8087383210659027
28,Claude,Bare Llama8B,5,0.0,0.06824138760566711,0.9317586123943329
29,Claude,Bare Llama8B,4,0.06779495775699618,0.26779495775699613,0.6644100844860077
30,Claude,Bare Llama8B,4,0.0,0.08932691812515259,0.9106730818748474
31,Claude,Bare Llama8B,2,0.11229426562786105,0.412294265627861,0.475411468744278
32,Claude,Bare Llama8B,4,0.0,0.11453783512115479,0.8854621648788452
33,Claude,Bare Llama8B,3,0.0,0.06712612509727478,0.9328738749027252
34,Claude,Bare Llama8B,4,0.1450150102376938,0.7,0.1549849897623062
35,Claude,Bare Llama8B,3,0.07647856473922732,0.2764785647392273,0.6470428705215454
36,Claude,Bare Llama8B,2,0.14210245907306673,0.7,0.15789754092693328
37,Claude,Bare Llama8B,2,0.9777443133061752,0.022255686693824828,0.0
38,Claude,Bare Llama8B,6,0.0988215744495392,0.29882157444953916,0.6023568511009216
39,Claude,Bare Llama8B,2,0.11791993081569674,0.41791993081569667,0.4641601383686066
40,Claude,Bare Llama8B,4,0.07415876686573031,0.27415876686573026,0.6516824662685394
41,Claude,Bare Llama8B,5,0.09172784686088564,0.2917278468608856,0.6165443062782288
42,Claude,Bare Llama8B,1,0.05373399853706362,0.2537339985370636,0.6925320029258728
43,Claude,Bare Llama8B,4,0.0,0.012082219123840332,0.9879177808761597
44,Claude,Bare Llama8B,3,0.0,0.00741460919380188,0.9925853908061981
45,Claude,Bare Llama8B,2,0.0,0.06912186741828918,0.9308781325817108
46,Claude,Bare Llama8B,3,0.07807412147521975,0.2780741214752197,0.6438517570495605
47,Claude,Bare Llama8B,4,0.025384300947189353,0.2253843009471893,0.7492313981056213
48,Claude,Bare Llama8B,5,0.0,0.01518237590789795,0.984817624092102
49,Claude,Bare Llama8B,5,0.09729840755462649,0.29729840755462644,0.6054031848907471
50,Claude,Bare Llama8B,4,0.1137369513511658,0.4137369513511657,0.4725260972976685
51,Claude,Bare Llama8B,5,0.1417232245206833,0.7,0.1582767754793167
52,Claude,Bare Llama8B,3,0.14858909845352175,0.7,0.15141090154647827
53,Claude,Bare Llama8B,4,0.0,0.07712644338607788,0.9228735566139221
54,Claude,Bare Llama8B,3,0.0,0.05473652482032776,0.9452634751796722
55,Claude,Bare Llama8B,3,0.8964253645390272,0.10357463546097279,0.0
56,Claude,Bare Llama8B,4,0.0600310802459717,0.26003108024597166,0.6799378395080566
57,Claude,Bare Llama8B,4,0.0,0.017178386449813843,0.9828216135501862
58,Claude,Bare Llama8B,4,0.09977653026580813,0.2997765302658081,0.6004469394683838
59,Claude,Bare Llama8B,3,0.1461802810430527,0.7,0.15381971895694732
60,Claude,Bare Llama8B,5,0.06035820543766024,0.2603582054376602,0.6792835891246796
61,Claude,Bare Llama8B,8,0.14499319493770602,0.7,0.155006805062294
62,Claude,Bare Llama8B,3,0.0,0.04414403438568115,0.9558559656143188
63,Claude,Bare Llama8B,2,0.0,0.1199428141117096,0.8800571858882904
64,Claude,Bare Llama8B,5,0.13668619990348818,0.7,0.16331380009651184
65,Claude,Bare Llama8B,5,0.0,0.16608551144599915,0.8339144885540009
66,Claude,Bare Llama8B,2,0.0,0.18279194831848145,0.8172080516815186
67,Claude,Bare Llama8B,4,0.0,0.06462681293487549,0.9353731870651245
68,Claude,Bare Llama8B,5,0.14793849885463717,0.7,0.15206150114536285
69,Claude,Bare Llama8B,2,0.14987867474555971,0.7,0.1501213252544403
70,Claude,Bare Llama8B,3,0.1156001925468445,0.41560019254684444,0.46879961490631106
71,Claude,Bare Llama8B,3,0.0,0.12894240021705627,0.8710575997829437
72,Claude,Bare Llama8B,4,0.9977987899910659,0.00220121000893414,0.0
73,Claude,Bare Llama8B,3,0.13239912092685702,0.7,0.167600879073143
74,Claude,Bare Llama8B,4,0.1379453927278519,0.7,0.16205460727214813
75,Claude,Bare Llama8B,5,0.08879203498363497,0.2887920349836349,0.6224159300327301
76,Claude,Bare Llama8B,5,0.10732834935188296,0.4073283493518829,0.48534330129623415
77,Claude,Bare Llama8B,2,0.009297126531600974,0.20929712653160093,0.7814057469367981
78,Claude,Bare Llama8B,4,0.08527886271476748,0.28527886271476743,0.6294422745704651
79,Claude,Bare Llama8B,5,0.1736623687669635,0.7,0.1263376312330365
80,Claude,Bare Llama8B,6,0.14963137507438662,0.7,0.1503686249256134
81,Claude,Bare Llama8B,5,0.08209250271320345,0.2820925027132034,0.6358149945735931
82,Claude,Bare Llama8B,4,0.08743012845516207,0.287430128455162,0.6251397430896759
83,Claude,Bare Llama8B,4,0.022295260429382346,0.2222952604293823,0.7554094791412354
84,Claude,Bare Llama8B,2,0.0,0.022052794694900513,0.9779472053050995
85,Claude,Bare Llama8B,3,0.0,0.012007832527160645,0.9879921674728394
86,Claude,Bare Llama8B,7,0.0,0.046821415424346924,0.9531785845756531
87,Claude,Bare Llama8B,5,0.03275940716266634,0.2327594071626663,0.7344811856746674
88,Claude,Bare Llama8B,4,0.9692631513462402,0.030736848653759807,0.0
89,Claude,Bare Llama8B,9,0.0,0.017639964818954468,0.9823600351810455
90,Claude,Bare Llama8B,4,0.0020538657903671487,0.2020538657903671,0.7958922684192657
91,Claude,Bare Llama8B,4,0.1488129884004593,0.7,0.1511870115995407
92,Claude,Bare Llama8B,2,0.0,0.01154017448425293,0.9884598255157471
93,Claude,Bare Llama8B,3,0.14823498725891116,0.7,0.15176501274108886
94,Claude,Bare Llama8B,3,0.0,0.05108729004859924,0.9489127099514008
95,Claude,Bare Llama8B,2,0.07683695256710055,0.2768369525671005,0.646326094865799
96,Claude,Bare Llama8B,2,0.09243311882019045,0.2924331188201904,0.6151337623596191
97,Claude,Bare Llama8B,3,0.0,0.020556092262268066,0.9794439077377319
98,Claude,Bare Llama8B,4,0.12105033695697787,0.4210503369569778,0.45789932608604433
99,Claude,Bare Llama8B,2,0.027367377281188987,0.22736737728118894,0.7452652454376221
100,Claude,Bare Llama8B,4,0.09704717397689822,0.29704717397689817,0.6059056520462036
101,Claude,Bare Llama8B,6,0.0,0.13727319240570068,0.8627268075942993
102,Claude,Bare Llama8B,2,0.0,0.04751268029212952,0.9524873197078705
103,Claude,Bare Llama8B,3,0.019977787137031577,0.21997778713703153,0.7600444257259369
104,Claude,Bare Llama8B,4,0.0,0.042439043521881104,0.9575609564781189
105,Claude,Bare Llama8B,5,0.0,0.09042826294898987,0.9095717370510101
106,Claude,Bare Llama8B,3,0.026774728298187278,0.22677472829818723,0.7464505434036255
107,Claude,Bare Llama8B,3,0.0,0.1165754497051239,0.8834245502948761
108,Claude,Bare Llama8B,5,0.0,0.13000702857971191,0.8699929714202881
109,Claude,Bare Llama8B,3,0.0,0.04578816890716553,0.9542118310928345
110,Claude,Bare Llama8B,3,0.0,0.013365745544433594,0.9866342544555664
111,Claude,Bare Llama8B,5,0.15156944990158083,0.7,0.14843055009841918
112,Claude,Bare Llama8B,5,0.0,0.03464055061340332,0.9653594493865967
113,Claude,Bare Llama8B,6,0.005994328856468223,0.20599432885646818,0.7880113422870636
114,Claude,Bare Llama8B,3,0.0,0.12446287274360657,0.8755371272563934
115,Claude,Bare Llama8B,3,0.0,0.11880946159362793,0.8811905384063721
116,Claude,Bare Llama8B,4,0.15213672220706942,0.7,0.1478632777929306
117,Claude,Bare Llama8B,3,0.0,0.1242721676826477,0.8757278323173523
118,Claude,Bare Llama8B,3,0.15139799714088442,0.7,0.1486020028591156
119,Claude,Bare Llama8B,2,0.0009279191493988259,0.20092791914939878,0.7981441617012024
120,Claude,Bare Llama8B,4,0.07140354216098788,0.27140354216098783,0.6571929156780243
121,Claude,Bare Llama8B,2,0.0,0.10712641477584839,0.8928735852241516
122,Claude,Bare Llama8B,2,0.0,0.07613366842269897,0.923866331577301
123,Claude,Bare Llama8B,5,0.0,0.06038007140159607,0.9396199285984039
124,Claude,Bare Llama8B,3,0.0,0.15193942189216614,0.8480605781078339
125,Claude,Bare Llama8B,5,0.02655831873416903,0.22655831873416898,0.746883362531662
126,Claude,Bare Llama8B,5,0.1580273598432541,0.7,0.1419726401567459
127,Claude,Bare Llama8B,5,0.13231723904609682,0.7,0.1676827609539032
128,Claude,Bare Llama8B,4,0.0,0.024169743061065674,0.9758302569389343
129,Claude,Bare Llama8B,5,0.0,0.13383126258850098,0.866168737411499
130,Claude,Bare Llama8B,4,0.09378139078617098,0.29378139078617094,0.6124372184276581
131,Claude,Bare Llama8B,2,0.04291310310363772,0.24291310310363767,0.7141737937927246
132,Claude,Bare Llama8B,1,0.0,0.14690765738487244,0.8530923426151276
133,Claude,Bare Llama8B,2,0.0,0.17979997396469116,0.8202000260353088
134,Claude,Bare Llama8B,4,0.0,0.021346092224121094,0.9786539077758789
135,Claude,Bare Llama8B,3,0.0,0.19555646181106567,0.8044435381889343
136,Claude,Bare Llama8B,4,0.12221677005290987,0.4222167700529098,0.4555664598941803
137,Claude,Bare Llama8B,4,0.1496028244495392,0.7,0.1503971755504608
138,Claude,Bare Llama8B,3,0.0,0.1227155327796936,0.8772844672203064
139,Claude,Bare Llama8B,2,0.0,0.1546187698841095,0.8453812301158905
140,Claude,Bare Llama8B,3,0.0,0.11037302017211914,0.8896269798278809
141,Claude,Bare Llama8B,4,0.0,0.009246259927749634,0.9907537400722504
142,Claude,Bare Llama8B,3,0.0,0.058335691690444946,0.941664308309555
143,Claude,Bare Llama8B,2,0.12842520475387575,0.7,0.17157479524612426
144,Claude,Bare Llama8B,3,0.0,0.02201986312866211,0.9779801368713379
145,Claude,Bare Llama8B,3,0.017306664586067222,0.21730666458606718,0.7653866708278656
146,Claude,Bare Llama8B,4,0.14023485183715823,0.7,0.1597651481628418
147,Claude,Bare Llama8B,5,0.0,0.1398792564868927,0.8601207435131073
148,Claude,Bare Llama8B,5,0.00030756890773775414,0.2003075689077377,0.7993848621845245
149,Claude,Bare Llama8B,4,0.0,0.13841086626052856,0.8615891337394714
150,Claude,Bare Llama8B,4,0.9121995777823031,0.0878004222176969,0.0
151,Claude,Bare Llama8B,5,0.968124751932919,0.031875248067080975,0.0
152,Claude,Bare Llama8B,4,0.0050013750791549905,0.20500137507915495,0.7899972498416901
153,Claude,Bare Llama8B,5,0.14190650880336764,0.7,0.15809349119663238
154,Claude,Bare Llama8B,3,0.0,0.016101181507110596,0.9838988184928894
155,Claude,Bare Llama8B,3,0.13969568312168124,0.7,0.16030431687831878
156,Claude,Bare Llama8B,1,0.004984074831008933,0.2049840748310089,0.7900318503379822
157,Claude,Bare Llama8B,4,0.10416471362113955,0.4041647136211395,0.49167057275772097
158,Claude,Bare Llama8B,1,0.12416055202484133,0.42416055202484126,0.4516788959503174
159,Claude,Bare Llama8B,3,0.1429216951131821,0.7,0.15707830488681793
160,Claude,Bare Llama8B,8,0.9720990736968815,0.027900926303118467,0.0
161,Claude,Bare Llama8B,5,0.9960925430059433,0.003907456994056702,0.0
162,Claude,Bare Llama8B,2,0.0,0.02083536982536316,0.9791646301746368
163,Claude,Bare Llama8B,3,0.0,0.14645540714263916,0.8535445928573608
164,Claude,Bare Llama8B,3,0.08525245785713198,0.28525245785713194,0.6294950842857361
165,Claude,Bare Llama8B,3,0.08229877948760989,0.28229877948760984,0.6354024410247803
166,Claude,Bare Llama8B,4,0.0,0.007639288902282715,0.9923607110977173
167,Claude,Bare Llama8B,6,0.15142794847488406,0.7,0.14857205152511596
168,Claude,Bare Llama8B,4,0.14733711779117586,0.7,0.15266288220882415
169,Claude,Bare Llama8B,3,0.09107213616371157,0.2910721361637115,0.6178557276725769
170,Claude,Bare Llama8B,5,0.145479092001915,0.7,0.15452090799808502
171,Claude,Bare Llama8B,1,0.1268597334623337,0.7,0.17314026653766632
172,Claude,Bare Llama8B,3,0.0,0.14498987793922424,0.8550101220607758
173,Claude,Bare Llama8B,3,0.0,0.07868453860282898,0.921315461397171
174,Claude,Bare Llama8B,2,0.020904341340065025,0.22090434134006498,0.75819131731987
175,Claude,Bare Llama8B,6,0.1457420974969864,0.7,0.1542579025030136
176,Claude,Bare Llama8B,8,0.12742621600627901,0.7,0.172573783993721
177,Claude,Bare Llama8B,6,0.0,0.03481459617614746,0.9651854038238525
178,Claude,Bare Llama8B,2,0.1211367338895798,0.42113673388957973,0.4577265322208405
179,Claude,Bare Llama8B,5,0.0,0.027533292770385742,0.9724667072296143
180,Claude,Bare Llama8B,3,0.957964307628572,0.04203569237142801,0.0
181,Claude,Bare Llama8B,4,0.08923491239547732,0.2892349123954773,0.6215301752090454
182,Claude,Bare Llama8B,2,0.0,0.02252301573753357,0.9774769842624664
183,Claude,Bare Llama8B,3,0.09873704016208651,0.29873704016208646,0.602525919675827
184,Claude,Bare Llama8B,4,0.0,0.03669542074203491,0.9633045792579651
185,Claude,Bare Llama8B,3,0.05771700441837313,0.2577170044183731,0.6845659911632538
186,Claude,Bare Llama8B,6,0.008243241906166099,0.20824324190616605,0.7835135161876678
187,Claude,Bare Llama8B,5,0.1434339225292206,0.7,0.1565660774707794
188,Claude,Bare Llama8B,7,0.14083593487739565,0.7,0.15916406512260436
189,Claude,Bare Llama8B,3,0.9953048047609627,0.004695195239037275,0.0
190,Claude,Bare Llama8B,4,0.14998182058334353,0.7,0.1500181794166565
191,Claude,Bare Llama8B,10,0.11069574356079104,0.41069574356079097,0.478608512878418
192,Claude,Bare Llama8B,6,0.0,0.11228072643280029,0.8877192735671997
193,Claude,Bare Llama8B,6,0.06297128796577456,0.2629712879657745,0.6740574240684509
194,Claude,Bare Llama8B,2,0.0,0.15640094876289368,0.8435990512371063
195,Claude,Bare Llama8B,2,0.0,0.023947924375534058,0.9760520756244659
196,Claude,Bare Llama8B,4,0.12188341617584231,0.42188341617584224,0.45623316764831545
197,Claude,Bare Llama8B,3,0.15083166360855105,0.7,0.14916833639144897
198,Claude,Bare Llama8B,3,0.0,0.1820942461490631,0.8179057538509369
199,Claude,Bare Llama8B,2,0.0,0.13751009106636047,0.8624899089336395
200,Claude,Bare Llama8B,4,0.0,0.09132018685340881,0.9086798131465912
201,Claude,Bare Llama8B,3,0.0,0.03377807140350342,0.9662219285964966
202,Claude,Bare Llama8B,5,0.10219469070434573,0.40219469070434566,0.4956106185913086
203,Claude,Bare Llama8B,5,0.08873837590217593,0.2887383759021759,0.6225232481956482
204,Claude,Bare Llama8B,4,0.0,0.032501667737960815,0.9674983322620392
205,Claude,Bare Llama8B,7,0.0,0.08487427234649658,0.9151257276535034
206,Claude,Bare Llama8B,3,0.05837046504020693,0.2583704650402069,0.6832590699195862
207,Claude,Bare Llama8B,5,0.13587681353092196,0.7,0.16412318646907806
208,Claude,Bare Llama8B,4,0.0,0.04565209150314331,0.9543479084968567
209,Claude,Bare Llama8B,4,0.106058144569397,0.40605814456939693,0.4878837108612061
210,Claude,Bare Llama8B,2,0.12153483331203463,0.42153483331203456,0.4569303333759308
211,Claude,Bare Llama8B,3,0.962549663381651,0.037450336618348956,0.0
212,Claude,Bare Llama8B,2,0.01187778413295748,0.21187778413295744,0.7762444317340851
213,Claude,Bare Llama8B,7,0.1539285570383072,0.7,0.1460714429616928
214,Claude,Bare Llama8B,6,0.146151939034462,0.7,0.15384806096553802
215,Claude,Bare Llama8B,3,0.12256018221378329,0.4225601822137832,0.4548796355724335
216,Claude,Bare Llama8B,4,0.0,0.10208135843276978,0.8979186415672302
217,Claude,Bare Llama8B,4,0.13546177148818972,0.7,0.1645382285118103
218,Claude,Bare Llama8B,3,0.13533567786216738,0.7,0.16466432213783264
219,Claude,Bare Llama8B,2,0.0,0.033513665199279785,0.9664863348007202
220,Claude,Bare Llama8B,4,0.0,0.006285935640335083,0.9937140643596649
221,Claude,Bare Llama8B,2,0.03494943082332613,0.2349494308233261,0.7301011383533478
222,Claude,Bare Llama8B,3,0.6691078543663025,0.26544607281684873,0.06544607281684875
223,Claude,Bare Llama8B,1,0.004727610945701621,0.20472761094570158,0.7905447781085968
224,Claude,Bare Llama8B,2,0.0,0.01353365182876587,0.9864663481712341
225,Claude,Bare Llama8B,2,0.9842082471586764,0.015791752841323614,0.0
226,Claude,Bare Llama8B,5,0.13375536501407626,0.7,0.16624463498592376
227,Claude,Bare Llama8B,3,0.038314113020896934,0.2383141130208969,0.7233717739582062
228,Claude,Bare Llama8B,3,0.1501148283481598,0.7,0.1498851716518402
229,Claude,Bare Llama8B,3,0.07722545564174654,0.2772254556417465,0.645549088716507
230,Claude,Bare Llama8B,5,0.0,0.06377831101417542,0.9362216889858246
231,Claude,Bare Llama8B,3,0.14266703426837923,0.7,0.15733296573162078
232,Claude,Bare Llama8B,4,0.0,0.09820237755775452,0.9017976224422455
233,Claude,Bare Llama8B,6,0.14175490438938143,0.7,0.15824509561061859
234,Claude,Bare Llama8B,2,0.9956898060627282,0.004310193937271833,0.0
235,Claude,Bare Llama8B,2,0.05492378175258639,0.25492378175258634,0.6901524364948273
236,Claude,Bare Llama8B,5,0.11625009179115298,0.4162500917911529,0.4674998164176941
237,Claude,Bare Llama8B,3,0.12355587780475619,0.4235558778047561,0.4528882443904877
238,Claude,Bare Llama8B,3,0.0,0.12229388952255249,0.8777061104774475
239,Claude,Bare Llama8B,3,0.059855961799621604,0.25985596179962156,0.6802880764007568
240,Claude,Bare Llama8B,2,0.0,0.030902326107025146,0.9690976738929749
241,Claude,Bare Llama8B,5,0.13960240185260775,0.7,0.16039759814739227
242,Claude,Bare Llama8B,4,0.144528204202652,0.7,0.15547179579734802
243,Claude,Bare Llama8B,4,0.9751885873265564,0.024811412673443556,0.0
244,Claude,Bare Llama8B,2,0.15073398649692538,0.7,0.14926601350307464
245,Claude,Bare Llama8B,4,0.0,0.006443381309509277,0.9935566186904907
246,Claude,Bare Llama8B,3,0.14834541976451876,0.7,0.15165458023548126
247,Claude,Bare Llama8B,1,0.0,0.033093541860580444,0.9669064581394196
248,Claude,Bare Llama8B,5,0.10476756989955904,0.404767569899559,0.490464860200882
249,Claude,Bare Llama8B,4,0.062230834364891074,0.26223083436489103,0.6755383312702179
250,Claude,Bare Llama8B,3,0.014547044038772605,0.21454704403877256,0.7709059119224548
251,Claude,Bare Llama8B,2,0.0,0.00850600004196167,0.9914939999580383
252,Claude,Bare Llama8B,5,0.12196386754512789,0.4219638675451278,0.4560722649097443
253,Claude,Bare Llama8B,4,0.13657977581024172,0.7,0.1634202241897583
254,Claude,Bare Llama8B,2,0.0,0.0073084235191345215,0.9926915764808655
255,Claude,Bare Llama8B,3,0.0,0.1669304370880127,0.8330695629119873
256,Claude,Bare Llama8B,4,0.0,0.10317081212997437,0.8968291878700256
257,Claude,Bare Llama8B,3,0.0,0.13525652885437012,0.8647434711456299
258,Claude,Bare Llama8B,9,0.15098575651645663,0.7,0.1490142434835434
259,Claude,Bare Llama8B,4,0.9422494114842266,0.057750588515773416,0.0
260,Claude,Bare Llama8B,2,0.126730614900589,0.7,0.173269385099411
261,Claude,Bare Llama8B,1,0.0,0.015601128339767456,0.9843988716602325
262,Claude,Bare Llama8B,3,0.0,0.06223827600479126,0.9377617239952087
263,Claude,Bare Llama8B,4,0.09560304284095766,0.2956030428409576,0.6087939143180847
264,Claude,Bare Llama8B,6,0.0,0.010148972272872925,0.9898510277271271
265,Claude,Bare Llama8B,5,0.06868154704570772,0.2686815470457077,0.6626369059085846
266,Claude,Bare Llama8B,5,0.0,0.15373748540878296,0.846262514591217
267,Claude,Bare Llama8B,2,0.0,0.11206105351448059,0.8879389464855194
268,Claude,Bare Llama8B,5,0.0,0.0069258809089660645,0.9930741190910339
269,Claude,Bare Llama8B,6,0.9906011056154966,0.009398894384503365,0.0
270,Claude,Bare Llama8B,5,0.0,0.04092136025428772,0.9590786397457123
271,Claude,Bare Llama8B,5,0.14831688404083254,0.7,0.15168311595916747
272,Claude,Bare Llama8B,5,0.0,0.06861668825149536,0.9313833117485046
273,Claude,Bare Llama8B,3,0.023406469821929954,0.2234064698219299,0.7531870603561401
274,Claude,Bare Llama8B,2,0.0,0.07829472422599792,0.9217052757740021
275,Claude,Bare Llama8B,4,0.03046216964721682,0.23046216964721677,0.7390756607055664
276,Claude,Bare Llama8B,3,0.015678548812866233,0.2156785488128662,0.7686429023742676
277,Claude,Bare Llama8B,2,0.0,0.14992761611938477,0.8500723838806152
278,Claude,Bare Llama8B,3,0.1477330267429352,0.7,0.1522669732570648
279,Claude,Bare Llama8B,1,0.9804036403074861,0.019596359692513943,0.0
280,Claude,Bare Llama8B,4,0.0,0.03379747271537781,0.9662025272846222
281,Claude,Bare Llama8B,2,0.9994283259729855,0.0005716740270145237,0.0
282,Claude,Bare Llama8B,5,0.15338250398635866,0.7,0.14661749601364135
283,Claude,Bare Llama8B,4,0.0,0.15881580114364624,0.8411841988563538
284,Claude,Bare Llama8B,4,0.0,0.10940298438072205,0.890597015619278
285,Claude,Bare Llama8B,3,0.10166774094104769,0.4016677409410476,0.4966645181179047
286,Claude,Bare Llama8B,5,0.0,0.08180230855941772,0.9181976914405823
287,Claude,Bare Llama8B,3,0.0,0.18978476524353027,0.8102152347564697
288,Claude,Bare Llama8B,3,0.9980865786783397,0.0019134213216602802,0.0
289,Claude,Bare Llama8B,3,0.0,0.12438416481018066,0.8756158351898193
290,Claude,Bare Llama8B,2,0.9962227719370276,0.0037772280629724264,0.0
291,Claude,Bare Llama8B,4,0.9080016389489174,0.09199836105108261,0.0
292,Claude,Bare Llama8B,3,0.1496035695075989,0.7,0.15039643049240112
293,Claude,Bare Llama8B,4,0.0,0.15900421142578125,0.8409957885742188
294,Claude,Bare Llama8B,3,0.16098819077014925,0.7,0.13901180922985076
295,Claude,Bare Llama8B,3,0.07628857493400576,0.2762885749340057,0.6474228501319885
296,Claude,Bare Llama8B,5,0.0,0.04517984390258789,0.9548201560974121
297,Claude,Bare Llama8B,2,0.10517034828662875,0.4051703482866287,0.4896593034267426
298,Claude,Bare Llama8B,4,0.1294597774744034,0.7,0.1705402225255966
299,Claude,Bare Llama8B,7,0.0,0.09377998113632202,0.906220018863678
300,Claude,Bare Llama8B,3,0.08891981244087221,0.28891981244087217,0.6221603751182556
301,Claude,Bare Llama8B,4,0.0,0.12427118420600891,0.8757288157939911
302,Claude,Bare Llama8B,7,0.08491467833518984,0.2849146783351898,0.6301706433296204
303,Claude,Bare Llama8B,5,0.0,0.12927401065826416,0.8707259893417358
304,Claude,Bare Llama8B,4,0.0,0.051444947719573975,0.948555052280426
305,Claude,Bare Llama8B,1,0.0,0.046231865882873535,0.9537681341171265
306,Claude,Bare Llama8B,4,0.033803129196167014,0.23380312919616697,0.732393741607666
307,Claude,Bare Llama8B,4,0.016209626197814964,0.21620962619781492,0.7675807476043701
308,Claude,Bare Llama8B,3,0.13696717619895937,0.7,0.16303282380104064
309,Claude,Bare Llama8B,4,0.0,0.07275518774986267,0.9272448122501373
310,Claude,Bare Llama8B,4,0.0,0.051891446113586426,0.9481085538864136
311,Claude,Bare Llama8B,4,0.0026911139488220437,0.202691113948822,0.794617772102356
312,Claude,Bare Llama8B,4,0.04271293580532076,0.24271293580532072,0.7145741283893585
313,Claude,Bare Llama8B,5,0.1495548576116562,0.7,0.1504451423883438
314,Claude,Bare Llama8B,4,0.0,0.19546237587928772,0.8045376241207123
315,Claude,Bare Llama8B,7,0.10398399233818056,0.4039839923381805,0.49203201532363894
316,Claude,Bare Llama8B,2,0.0,0.1057092547416687,0.8942907452583313
317,Claude,Bare Llama8B,5,0.0,0.051793694496154785,0.9482063055038452
318,Claude,Bare Llama8B,3,0.0625134348869324,0.26251343488693235,0.6749731302261353
319,Claude,Bare Llama8B,3,0.0,0.08067324757575989,0.9193267524242401
320,Claude,Bare Llama8B,3,0.14861423671245577,0.7,0.15138576328754424
321,Claude,Bare Llama8B,5,0.0,0.14472758769989014,0.8552724123001099
322,Claude,Bare Llama8B,4,0.14562436342239382,0.7,0.1543756365776062
323,Claude,Bare Llama8B,5,0.0,0.12074565887451172,0.8792543411254883
324,Claude,Bare Llama8B,1,0.0,0.003023982048034668,0.9969760179519653
325,Claude,Bare Llama8B,5,0.1458278834819794,0.7,0.15417211651802062
326,Claude,Bare Llama8B,3,0.0,0.011406093835830688,0.9885939061641693
327,Claude,Bare Llama8B,3,0.0,0.12195739150047302,0.878042608499527
328,Claude,Bare Llama8B,5,0.0,0.1747106909751892,0.8252893090248108
329,Claude,Bare Llama8B,5,0.062276923656463645,0.2622769236564636,0.6754461526870728
330,Claude,Bare Llama8B,4,0.11836289763450625,0.4183628976345062,0.46327420473098757
331,Claude,Bare Llama8B,4,0.0,0.07945019006729126,0.9205498099327087
332,Claude,Bare Llama8B,4,0.141280734539032,0.7,0.158719265460968
333,Claude,Bare Llama8B,4,0.0,0.13634097576141357,0.8636590242385864
334,Claude,Bare Llama8B,4,0.9581295885145664,0.04187041148543358,0.0
335,Claude,Bare Llama8B,7,0.1510143965482712,0.7,0.14898560345172882
336,Claude,Bare Llama8B,2,0.07688427865505221,0.27688427865505216,0.6462314426898956
337,Claude,Bare Llama8B,3,0.09535337388515475,0.2953533738851547,0.6092932522296906
338,Claude,Bare Llama8B,6,0.046759569644928,0.24675956964492796,0.706480860710144
339,Claude,Bare Llama8B,5,0.13599116504192355,0.7,0.16400883495807647
340,Claude,Bare Llama8B,4,0.0,0.05311509966850281,0.9468849003314972
341,Claude,Bare Llama8B,4,0.02304966151714327,0.22304966151714323,0.7539006769657135
342,Claude,Bare Llama8B,2,0.1452007681131363,0.7,0.1547992318868637
343,Claude,Bare Llama8B,4,0.12364214062690737,0.4236421406269073,0.4527157187461853
344,Claude,Bare Llama8B,3,0.13339979350566866,0.7,0.16660020649433135
345,Claude,Bare Llama8B,4,0.1447737753391266,0.7,0.1552262246608734
346,Claude,Bare Llama8B,4,0.10632128417491915,0.4063212841749191,0.48735743165016177
347,Claude,Bare Llama8B,5,0.09660909473896029,0.29660909473896024,0.6067818105220795
348,Claude,Bare Llama8B,4,0.0,0.10683339834213257,0.8931666016578674
349,Claude,Bare Llama8B,3,0.0,0.16483578085899353,0.8351642191410065
350,Claude,Bare Llama8B,4,0.9814876462332904,0.018512353766709566,0.0
351,Claude,Bare Llama8B,2,0.08300777673721316,0.2830077767372131,0.6339844465255737
352,Claude,Bare Llama8B,4,0.0,0.18775027990341187,0.8122497200965881
353,Claude,Bare Llama8B,2,0.0,0.1422850787639618,0.8577149212360382
354,Claude,Bare Llama8B,3,0.9669433496892452,0.033056650310754776,0.0
355,Claude,Bare Llama8B,4,0.11155488491058352,0.41155488491058345,0.47689023017883303
356,Claude,Bare Llama8B,3,0.14185246229171755,0.7,0.15814753770828247
357,Claude,Bare Llama8B,2,0.0,0.010790228843688965,0.989209771156311
358,Claude,Bare Llama8B,3,0.0,0.07131290435791016,0.9286870956420898
359,Claude,Bare Llama8B,4,0.12148297727108004,0.42148297727108,0.45703404545784
360,Claude,Bare Llama8B,2,0.007229635119438194,0.20722963511943815,0.7855407297611237
361,Claude,Bare Llama8B,4,0.0,0.028946340084075928,0.9710536599159241
362,Claude,Bare Llama8B,4,0.08173132836818697,0.28173132836818693,0.6365373432636261
363,Claude,Bare Llama8B,6,0.06749575734138491,0.26749575734138487,0.6650084853172302
364,Claude,Bare Llama8B,3,0.9987259206245653,0.0012740793754346669,0.0
365,Claude,Bare Llama8B,4,0.14876278638839724,0.7,0.15123721361160278
366,Claude,Bare Llama8B,4,0.9968819313216954,0.003118068678304553,0.0
367,Claude,Bare Llama8B,2,0.05688470005989077,0.2568847000598907,0.6862305998802185
368,Claude,Bare Llama8B,3,0.9307103925384581,0.06928960746154189,0.0
369,Claude,Bare Llama8B,1,0.0,0.07031518220901489,0.9296848177909851
370,Claude,Bare Llama8B,5,0.006110215187072776,0.20611021518707273,0.7877795696258545
371,Claude,Bare Llama8B,2,0.13056192696094515,0.7,0.16943807303905487
372,Claude,Bare Llama8B,4,0.06214932501316073,0.2621493250131607,0.6757013499736786
373,Claude,Bare Llama8B,4,0.10418797433376314,0.4041879743337631,0.4916240513324738
374,Claude,Bare Llama8B,2,0.06126421093940737,0.2612642109394073,0.6774715781211853
375,Claude,Bare Llama8B,3,0.08654902279376986,0.2865490227937698,0.6269019544124603
376,Claude,Bare Llama8B,4,0.0,0.13059338927268982,0.8694066107273102
377,Claude,Bare Llama8B,5,0.13896715044975283,0.7,0.1610328495502472
378,Claude,Bare Llama8B,2,0.1495570480823517,0.7,0.1504429519176483
379,Claude,Bare Llama8B,4,0.7441609515808523,0.22791952420957384,0.02791952420957386
380,Claude,Bare Llama8B,3,0.0,0.04260876774787903,0.957391232252121
381,Claude,Bare Llama8B,3,0.0,0.15872910618782043,0.8412708938121796
382,Claude,Bare Llama8B,3,0.13121806979179385,0.7,0.16878193020820617
383,Claude,Bare Llama8B,3,0.0,0.11228194832801819,0.8877180516719818
384,Claude,Bare Llama8B,3,0.016504311561584495,0.21650431156158445,0.766991376876831
385,Claude,Bare Llama8B,4,0.07189368605613711,0.27189368605613706,0.6562126278877258
386,Claude,Bare Llama8B,1,0.1516423035413027,0.7,0.1483576964586973
387,Claude,Bare Llama8B,6,0.0,0.015861809253692627,0.9841381907463074
388,Claude,Bare Llama8B,3,0.0,0.13980615139007568,0.8601938486099243
389,Claude,Bare Llama8B,2,0.10419812202453616,0.4041981220245361,0.49160375595092776
390,Claude,Bare Llama8B,2,0.11241089701652529,0.4124108970165252,0.4751782059669495
391,Claude,Bare Llama8B,2,0.9994238977669738,0.0005761022330261767,0.0
392,Claude,Bare Llama8B,4,0.07058730125427248,0.27058730125427244,0.6588253974914551
393,Claude,Bare Llama8B,4,0.11640291810035708,0.416402918100357,0.4671941637992859
394,Claude,Bare Llama8B,2,0.0,0.01206350326538086,0.9879364967346191
395,Claude,Bare Llama8B,6,0.0,0.019769608974456787,0.9802303910255432
396,Claude,Bare Llama8B,4,0.11154105663299563,0.41154105663299556,0.4769178867340088
397,Claude,Bare Llama8B,3,0.05412954986095431,0.25412954986095426,0.6917409002780914
398,Claude,Bare Llama8B,5,0.8255931101739407,0.17440688982605934,0.0
399,Claude,Bare Llama8B,3,0.030536168813705467,0.23053616881370542,0.7389276623725891
400,Claude,Bare Llama8B,5,0.0,0.17031797766685486,0.8296820223331451
401,Claude,Bare Llama8B,3,0.0,0.05069369077682495,0.949306309223175
402,Claude,Bare Llama8B,3,0.14000416696071627,0.7,0.15999583303928375
403,Claude,Bare Llama8B,3,0.9865310437744483,0.013468956225551665,0.0
404,Claude,Bare Llama8B,4,0.0,0.08071231842041016,0.9192876815795898
405,Claude,Bare Llama8B,3,0.08473389744758608,0.28473389744758604,0.6305322051048279
406,Claude,Bare Llama8B,3,0.0,0.03404703736305237,0.9659529626369476
407,Claude,Bare Llama8B,3,0.1143109738826752,0.4143109738826751,0.4713780522346497
408,Claude,Bare Llama8B,4,0.0,0.13550695776939392,0.8644930422306061
409,Claude,Bare Llama8B,3,0.0,0.007409274578094482,0.9925907254219055
410,Claude,Bare Llama8B,5,0.024345660209655784,0.22434566020965574,0.7513086795806885
411,Claude,Bare Llama8B,2,0.15127103924751284,0.7,0.14872896075248718
412,Claude,Bare Llama8B,5,0.02102027237415316,0.22102027237415312,0.7579594552516937
413,Claude,Bare Llama8B,5,0.0,0.005758464336395264,0.9942415356636047
414,Claude,Bare Llama8B,7,0.12795917093753817,0.7,0.17204082906246185
415,Claude,Bare Llama8B,6,0.14803663790225985,0.7,0.15196336209774017
416,Claude,Bare Llama8B,4,0.0,0.1253902018070221,0.8746097981929779
417,Claude,Bare Llama8B,2,0.0,0.16013720631599426,0.8398627936840057
418,Claude,Bare Llama8B,3,0.0,0.07284030318260193,0.9271596968173981
419,Claude,Bare Llama8B,3,0.017746710777282737,0.2177467107772827,0.7645065784454346
420,Claude,Bare Llama8B,5,0.13493231832981112,0.7,0.1650676816701889
421,Claude,Bare Llama8B,2,0.11562808752059939,0.4156280875205993,0.4687438249588013
422,Claude,Bare Llama8B,5,0.8761202185996808,0.12387978140031919,0.0
423,Claude,Bare Llama8B,3,0.12051274776458742,0.42051274776458736,0.4589745044708252
424,Claude,Bare Llama8B,6,0.0,0.0903068482875824,0.9096931517124176
425,Claude,Bare Llama8B,5,0.0,0.17073717713356018,0.8292628228664398
426,Claude,Bare Llama8B,7,0.0,0.17477217316627502,0.825227826833725
427,Claude,Bare Llama8B,2,0.1463176250457764,0.7,0.15368237495422363
428,Claude,Bare Llama8B,2,0.05305784344673159,0.25305784344673155,0.6938843131065369
429,Claude,Bare Llama8B,4,0.031155401468277,0.23115540146827696,0.737689197063446
430,Claude,Bare Llama8B,5,0.10804277062416079,0.4080427706241607,0.4839144587516785
431,Claude,Bare Llama8B,6,0.1409344017505646,0.7,0.15906559824943542
432,Claude,Bare Llama8B,4,0.1336048781871796,0.7,0.16639512181282043
433,Claude,Bare Llama8B,3,0.0,0.1644253134727478,0.8355746865272522
434,Claude,Bare Llama8B,5,0.15093536078929903,0.7,0.14906463921070098
435,Claude,Bare Llama8B,4,0.1413740158081055,0.7,0.15862598419189453
436,Claude,Bare Llama8B,4,0.08335129320621493,0.2833512932062149,0.6332974135875702
437,Claude,Bare Llama8B,4,0.07889839410781863,0.2788983941078186,0.6422032117843628
438,Claude,Bare Llama8B,4,0.0,0.13583976030349731,0.8641602396965027
439,Claude,Bare Llama8B,4,0.06883586347103121,0.26883586347103117,0.6623282730579376
440,Claude,Bare Llama8B,3,0.005014711618423484,0.20501471161842344,0.7899705767631531
441,Claude,Bare Llama8B,1,0.0,0.07778361439704895,0.922216385602951
442,Claude,Bare Llama8B,3,0.01909669637680056,0.21909669637680051,0.7618066072463989
443,Claude,Bare Llama8B,2,0.9929144009947777,0.0070855990052223206,0.0
444,Claude,Bare Llama8B,3,0.0,0.10941016674041748,0.8905898332595825
445,Claude,Bare Llama8B,2,0.9794664186192676,0.020533581380732358,0.0
446,Claude,Bare Llama8B,2,0.050435522198677085,0.25043552219867704,0.6991289556026459
447,Claude,Bare Llama8B,5,0.0,0.17148998379707336,0.8285100162029266
448,Claude,Bare Llama8B,5,0.9989549180027097,0.0010450819972902536,0.0
449,Claude,Bare Llama8B,3,0.0,0.14537948369979858,0.8546205163002014
450,Claude,Bare Llama8B,4,0.12056020796298983,0.42056020796298976,0.4588795840740204
451,Claude,Bare Llama8B,1,0.0,0.010820358991622925,0.9891796410083771
452,Claude,Bare Llama8B,3,0.1132312059402466,0.41323120594024654,0.47353758811950686
453,Claude,Bare Llama8B,2,0.14049608409404757,0.7,0.15950391590595245
454,Claude,Bare Llama8B,2,0.0,0.1589852273464203,0.8410147726535797
455,Claude,Bare Llama8B,6,0.0,0.008638054132461548,0.9913619458675385
456,Claude,Bare Llama8B,3,0.0,0.02206188440322876,0.9779381155967712
457,Claude,Bare Llama8B,5,0.13488250374794009,0.7,0.16511749625205993
458,Claude,Bare Llama8B,3,0.09075919687747958,0.29075919687747953,0.6184816062450409
459,Claude,Bare Llama8B,2,0.0,0.15595248341560364,0.8440475165843964
460,Claude,Bare Llama8B,4,0.0,0.18492001295089722,0.8150799870491028
461,Claude,Bare Llama8B,6,0.9903986202552915,0.009601379744708538,0.0
462,Claude,Bare Llama8B,4,0.0,0.11260285973548889,0.8873971402645111
463,Claude,Bare Llama8B,2,0.08094304203987124,0.2809430420398712,0.6381139159202576
464,Claude,Bare Llama8B,4,0.0,0.17602479457855225,0.8239752054214478
465,Claude,Bare Llama8B,3,0.7122343992814422,0.2438828003592789,0.04388280035927891
466,Claude,Bare Llama8B,3,0.13539441823959353,0.7,0.1646055817604065
467,Claude,Bare Llama8B,5,0.13895394802093508,0.7,0.16104605197906494
468,Claude,Bare Llama8B,5,0.14304100871086123,0.7,0.1569589912891388
469,Claude,Bare Llama8B,7,0.0,0.07704341411590576,0.9229565858840942
470,Claude,Bare Llama8B,3,0.0541702598333359,0.25417025983333585,0.6916594803333282
471,Claude,Bare Llama8B,3,0.0,0.17424160242080688,0.8257583975791931
472,Claude,Bare Llama8B,4,0.0,0.04142770171165466,0.9585722982883453
473,Claude,Bare Llama8B,3,0.9756062724627554,0.02439372753724456,0.0
474,Claude,Bare Llama8B,3,0.0937997490167618,0.29379974901676176,0.6124005019664764
475,Claude,Bare Llama8B,4,0.06779360175132754,0.2677936017513275,0.664412796497345
476,Claude,Bare Llama8B,3,0.1482738792896271,0.7,0.15172612071037292
477,Claude,Bare Llama8B,2,0.0,0.025411397218704224,0.9745886027812958
478,Claude,Bare Llama8B,2,0.1496849596500397,0.7,0.15031504034996032
479,Claude,Bare Llama8B,3,0.1482576221227646,0.7,0.1517423778772354
480,Claude,Bare Llama8B,3,0.0003085970878601296,0.20030859708786009,0.7993828058242798
481,Claude,Bare Llama8B,2,0.10730374753475191,0.40730374753475185,0.48539250493049624
482,Claude,Bare Llama8B,4,0.12424101829528811,0.42424101829528804,0.45151796340942385
483,Claude,Bare Llama8B,4,0.04108191430568697,0.24108191430568693,0.7178361713886261
484,Claude,Bare Llama8B,4,0.03133424520492556,0.23133424520492551,0.7373315095901489
485,Claude,Bare Llama8B,4,0.0,0.1040346622467041,0.8959653377532959
486,Claude,Bare Llama8B,6,0.06560414433479311,0.26560414433479307,0.6687917113304138
487,Claude,Bare Llama8B,2,0.048381277918815635,0.2483812779188156,0.7032374441623688
488,Claude,Bare Llama8B,3,0.12818729281425478,0.7,0.17181270718574523
489,Claude,Bare Llama8B,4,0.0,0.1384153962135315,0.8615846037864685
490,Claude,Bare Llama8B,2,0.15029329955577853,0.7,0.1497067004442215
491,Claude,Bare Llama8B,4,0.12694747149944308,0.7,0.17305252850055694
492,Claude,Bare Llama8B,5,0.6889396235346794,0.25553018823266027,0.05553018823266029
493,Claude,Bare Llama8B,4,0.1396393269300461,0.7,0.1603606730699539
494,Claude,Bare Llama8B,3,0.0,0.06969296932220459,0.9303070306777954
495,Claude,Bare Llama8B,4,0.07552317678928377,0.27552317678928373,0.6489536464214325
496,Claude,Bare Llama8B,2,0.0,0.05856001377105713,0.9414399862289429
497,Claude,Bare Llama8B,4,0.020951622724533103,0.22095162272453306,0.7580967545509338
498,Claude,Bare Llama8B,3,0.10565246045589449,0.4056524604558944,0.4886950790882111
499,Claude,Bare Llama8B,2,0.0,0.02380770444869995,0.9761922955513
500,Claude,Bare Llama8B,2,0.1068912982940674,0.40689129829406734,0.48621740341186526
501,Claude,Bare Llama8B,2,0.0,0.034128010272979736,0.9658719897270203
502,Claude,Bare Llama8B,2,0.0,0.036616772413253784,0.9633832275867462
503,Claude,Bare Llama8B,6,0.09038873910903933,0.2903887391090393,0.6192225217819214
504,Claude,Bare Llama8B,4,0.0,0.01777064800262451,0.9822293519973755
505,Claude,Bare Llama8B,4,0.09397652149200442,0.2939765214920044,0.6120469570159912
506,Claude,Bare Llama8B,2,0.06052527725696566,0.2605252772569656,0.6789494454860687
507,Claude,Bare Llama8B,3,0.1251502424478531,0.7,0.1748497575521469
508,Claude,Bare Llama8B,3,0.14778555333614352,0.7,0.1522144466638565
509,Claude,Bare Llama8B,4,0.11672536432743075,0.4167253643274307,0.46654927134513857
510,Claude,Bare Llama8B,2,0.0,0.06482744216918945,0.9351725578308105
511,Claude,Bare Llama8B,5,0.10311279594898226,0.4031127959489822,0.49377440810203554
512,Claude,Bare Llama8B,8,0.0821146607398987,0.28211466073989866,0.6357706785202026
513,Claude,Bare Llama8B,6,0.14790999293327334,0.7,0.15209000706672668
514,Claude,Bare Llama8B,3,0.045087197422981284,0.24508719742298124,0.7098256051540375
515,Claude,Bare Llama8B,4,0.15031726062297823,0.7,0.14968273937702178
516,Claude,Bare Llama8B,3,0.14224941432476046,0.7,0.15775058567523956
517,Claude,Bare Llama8B,7,0.14210876226425173,0.7,0.15789123773574829
518,Claude,Bare Llama8B,7,0.0,0.04278126358985901,0.957218736410141
519,Claude,Bare Llama8B,4,0.0,0.04712843894958496,0.952871561050415
520,Claude,Bare Llama8B,4,0.0,0.11811947822570801,0.881880521774292
521,Claude,Bare Llama8B,2,0.0,0.05360954999923706,0.9463904500007629
522,Claude,Bare Llama8B,5,0.023674929141998313,0.22367492914199827,0.7526501417160034
523,Claude,Bare Llama8B,2,0.14966587126255038,0.7,0.15033412873744964
524,Claude,Bare Llama8B,4,0.0,0.056940823793411255,0.9430591762065887
525,Claude,Bare Llama8B,3,0.13815348744392397,0.7,0.16184651255607604
526,Claude,Bare Llama8B,2,0.0,0.03346651792526245,0.9665334820747375
527,Claude,Bare Llama8B,3,0.11338731050491335,0.4133873105049133,0.47322537899017336
528,Claude,Bare Llama8B,3,0.0583339720964432,0.25833397209644315,0.6833320558071136
529,Claude,Bare Llama8B,4,0.0,0.12249189615249634,0.8775081038475037
530,Claude,Bare Llama8B,3,0.1451301068067551,0.7,0.15486989319324493
531,Claude,Bare Llama8B,5,0.0,0.16086280345916748,0.8391371965408325
532,Claude,Bare Llama8B,5,0.7169215977191925,0.24153920114040373,0.04153920114040374
533,Claude,Bare Llama8B,4,0.07812663316726687,0.2781266331672668,0.6437467336654663
534,Claude,Bare Llama8B,5,0.9724740572273731,0.027525942772626877,0.0
535,Claude,Bare Llama8B,8,0.0,0.0021112561225891113,0.9978887438774109
536,Claude,Bare Llama8B,3,0.15106009840965273,0.7,0.14893990159034728
