chain_id,model,method,num_emails,sentiment_neg,sentiment_neu,sentiment_pos
0,Claude,Fewshot,6,0.12040589153766634,0.4204058915376663,0.4591882169246674
1,Claude,Fewshot,6,0.12650885581970217,0.7,0.17349114418029785
2,Claude,Fewshot,6,0.14936462938785555,0.7,0.15063537061214446
3,Claude,Fewshot,5,0.1451574504375458,0.7,0.15484254956245422
4,Claude,Fewshot,6,0.039322593808174156,0.2393225938081741,0.7213548123836517
5,Claude,Fewshot,6,0.14558654427528384,0.7,0.15441345572471618
6,Claude,Fewshot,5,0.06391934454441073,0.2639193445444107,0.6721613109111786
7,Claude,Fewshot,5,0.11755346655845644,0.4175534665584564,0.4648930668830872
8,Claude,Fewshot,6,0.007001379132270835,0.2070013791322708,0.7859972417354584
9,Claude,Fewshot,6,0.13419636487960818,0.7,0.16580363512039184
10,Claude,Fewshot,6,0.12456446290016177,0.4245644629001617,0.45087107419967654
11,Claude,Fewshot,6,0.0,0.08917635679244995,0.91082364320755
12,Claude,Fewshot,6,0.0,0.09254094958305359,0.9074590504169464
13,Claude,Fewshot,6,0.0,0.008819401264190674,0.9911805987358093
14,Claude,Fewshot,6,0.08271395564079287,0.2827139556407928,0.6345720887184143
15,Claude,Fewshot,6,0.0,0.15660664439201355,0.8433933556079865
16,Claude,Fewshot,6,0.01594715714454653,0.2159471571445465,0.768105685710907
17,Claude,Fewshot,6,0.14200379848480227,0.7,0.15799620151519775
18,Claude,Fewshot,6,0.08199080228805544,0.2819908022880554,0.6360183954238892
19,Claude,Fewshot,6,0.14846923351287844,0.7,0.15153076648712158
20,Claude,Fewshot,5,0.0,0.08690422773361206,0.9130957722663879
21,Claude,Fewshot,6,0.145205894112587,0.7,0.15479410588741302
22,Claude,Fewshot,6,0.05152978897094729,0.25152978897094724,0.6969404220581055
23,Claude,Fewshot,6,0.1198121100664139,0.41981211006641383,0.46037577986717226
24,Claude,Fewshot,5,0.12669231891632082,0.7,0.1733076810836792
25,Claude,Fewshot,6,0.051618152856826804,0.25161815285682676,0.6967636942863464
26,Claude,Fewshot,6,0.11242439746856692,0.41242439746856685,0.47515120506286623
27,Claude,Fewshot,6,0.0,0.17597848176956177,0.8240215182304382
28,Claude,Fewshot,6,0.10676195621490481,0.40676195621490474,0.48647608757019045
29,Claude,Fewshot,6,0.07371253669261935,0.2737125366926193,0.6525749266147614
30,Claude,Fewshot,6,0.0692292392253876,0.26922923922538755,0.6615415215492249
31,Claude,Fewshot,6,0.0,0.16558793187141418,0.8344120681285858
32,Claude,Fewshot,6,0.0,0.19927525520324707,0.8007247447967529
33,Claude,Fewshot,5,0.09196140766143801,0.29196140766143797,0.616077184677124
34,Claude,Fewshot,6,0.0,0.10071820020675659,0.8992817997932434
35,Claude,Fewshot,6,0.13873239755630495,0.7,0.16126760244369506
36,Claude,Fewshot,6,0.059333676099777244,0.2593336760997772,0.6813326478004456
37,Claude,Fewshot,6,0.14958717823028567,0.7,0.15041282176971435
38,Claude,Fewshot,5,0.142903009057045,0.7,0.157096990942955
39,Claude,Fewshot,6,0.08307575583457949,0.28307575583457945,0.6338484883308411
40,Claude,Fewshot,6,0.12539605200290682,0.7,0.1746039479970932
41,Claude,Fewshot,6,0.1490031272172928,0.7,0.1509968727827072
42,Claude,Fewshot,6,0.07895665764808657,0.2789566576480865,0.6420866847038269
43,Claude,Fewshot,6,0.0,0.11038652062416077,0.8896134793758392
44,Claude,Fewshot,5,0.05165975689888003,0.25165975689888,0.69668048620224
45,Claude,Fewshot,5,0.03344115018844607,0.23344115018844602,0.7331176996231079
46,Claude,Fewshot,6,0.06788995265960696,0.2678899526596069,0.6642200946807861
47,Claude,Fewshot,5,0.0,0.13696613907814026,0.8630338609218597
48,Claude,Fewshot,6,0.13748816549777987,0.7,0.16251183450222015
49,Claude,Fewshot,6,0.0,0.15349018573760986,0.8465098142623901
50,Claude,Fewshot,6,0.0,0.06903034448623657,0.9309696555137634
51,Claude,Fewshot,5,0.10059414207935335,0.4005941420793533,0.49881171584129336
52,Claude,Fewshot,6,0.0981988847255707,0.29819888472557066,0.6036022305488586
53,Claude,Fewshot,6,0.0,0.14784204959869385,0.8521579504013062
54,Claude,Fewshot,6,0.0,0.061450570821762085,0.9385494291782379
55,Claude,Fewshot,6,0.0,0.10620635747909546,0.8937936425209045
56,Claude,Fewshot,6,0.10270428061485293,0.40270428061485286,0.4945914387702942
57,Claude,Fewshot,6,0.11015866100788119,0.4101586610078811,0.4796826779842377
58,Claude,Fewshot,6,0.13837459087371828,0.7,0.16162540912628173
59,Claude,Fewshot,5,0.143289589881897,0.7,0.15671041011810302
60,Claude,Fewshot,6,0.1427491992712021,0.7,0.1572508007287979
61,Claude,Fewshot,6,0.13345407843589785,0.7,0.16654592156410217
62,Claude,Fewshot,6,0.07023448646068575,0.2702344864606857,0.6595310270786285
63,Claude,Fewshot,6,0.022864171862602256,0.2228641718626022,0.7542716562747955
64,Claude,Fewshot,6,0.07572911083698275,0.2757291108369827,0.6485417783260345
65,Claude,Fewshot,6,0.0,0.06606853008270264,0.9339314699172974
66,Claude,Fewshot,6,0.05652236342430117,0.2565223634243011,0.6869552731513977
67,Claude,Fewshot,6,0.0,0.019101887941360474,0.9808981120586395
68,Claude,Fewshot,5,0.05968427062034609,0.25968427062034605,0.6806314587593079
69,Claude,Fewshot,6,0.022107118368148826,0.22210711836814878,0.7557857632637024
70,Claude,Fewshot,6,0.14287827312946322,0.7,0.1571217268705368
71,Claude,Fewshot,6,0.11645745635032656,0.4164574563503265,0.46708508729934695
72,Claude,Fewshot,6,0.0026551425457000954,0.20265514254570005,0.7946897149085999
73,Claude,Fewshot,6,0.14333114922046664,0.7,0.15666885077953338
74,Claude,Fewshot,6,0.0,0.12321317195892334,0.8767868280410767
75,Claude,Fewshot,6,0.12650364041328432,0.7,0.1734963595867157
76,Claude,Fewshot,6,0.1385174185037613,0.7,0.1614825814962387
77,Claude,Fewshot,6,0.1378780543804169,0.7,0.16212194561958312
78,Claude,Fewshot,5,0.0,0.014555901288986206,0.9854440987110138
79,Claude,Fewshot,6,0.0,0.04682654142379761,0.9531734585762024
80,Claude,Fewshot,6,0.13073628544807436,0.7,0.16926371455192565
81,Claude,Fewshot,6,0.14662284553050997,0.7,0.15337715446949005
82,Claude,Fewshot,6,0.0,0.07028979063034058,0.9297102093696594
83,Claude,Fewshot,5,0.0,0.17538213729858398,0.824617862701416
84,Claude,Fewshot,5,0.07382682859897616,0.2738268285989761,0.6523463428020477
85,Claude,Fewshot,5,0.06786645352840426,0.2678664535284042,0.6642670929431915
86,Claude,Fewshot,5,0.0,0.07665854692459106,0.9233414530754089
87,Claude,Fewshot,5,0.10046752691268923,0.40046752691268916,0.4990649461746216
88,Claude,Fewshot,6,0.0,0.11219426989555359,0.8878057301044464
89,Claude,Fewshot,6,0.0,0.1462765336036682,0.8537234663963318
90,Claude,Fewshot,6,0.11433132886886599,0.4143313288688659,0.4713373422622681
91,Claude,Fewshot,6,0.1208666652441025,0.42086666524410243,0.45826666951179507
92,Claude,Fewshot,5,0.0,0.05902472138404846,0.9409752786159515
93,Claude,Fewshot,6,0.053280049562454246,0.2532800495624542,0.6934399008750916
94,Claude,Fewshot,5,0.0,0.05007413029670715,0.9499258697032928
95,Claude,Fewshot,6,0.051665478944778465,0.2516654789447784,0.6966690421104431
96,Claude,Fewshot,6,0.008395695686340354,0.2083956956863403,0.7832086086273193
97,Claude,Fewshot,5,0.007081145048141502,0.20708114504814146,0.785837709903717
98,Claude,Fewshot,6,0.12853004932403567,0.7,0.17146995067596435
99,Claude,Fewshot,7,0.11500346064567568,0.4150034606456756,0.4699930787086487
100,Claude,Fewshot,6,0.0,0.17282691597938538,0.8271730840206146
101,Claude,Fewshot,6,0.0,0.008862465620040894,0.9911375343799591
102,Claude,Fewshot,6,0.12251193225383761,0.42251193225383754,0.45497613549232485
103,Claude,Fewshot,6,0.0,0.14332228899002075,0.8566777110099792
104,Claude,Fewshot,6,0.13812589049339297,0.7,0.16187410950660705
105,Claude,Fewshot,6,0.11506392955780032,0.41506392955780025,0.46987214088439944
106,Claude,Fewshot,6,0.13021009564399721,0.7,0.1697899043560028
107,Claude,Fewshot,6,0.06669231653213503,0.266692316532135,0.66661536693573
108,Claude,Fewshot,6,0.14401241540908816,0.7,0.15598758459091186
109,Claude,Fewshot,6,0.10131559669971468,0.4013155966997146,0.4973688066005707
110,Claude,Fewshot,5,0.07994438111782076,0.2799443811178207,0.6401112377643585
111,Claude,Fewshot,5,0.14508157372474673,0.7,0.1549184262752533
112,Claude,Fewshot,6,0.0,0.17685800790786743,0.8231419920921326
113,Claude,Fewshot,6,0.14125173687934878,0.7,0.15874826312065124
114,Claude,Fewshot,6,0.0,0.1724611520767212,0.8275388479232788
115,Claude,Fewshot,6,0.0,0.09371206164360046,0.9062879383563995
116,Claude,Fewshot,6,0.09974352419376376,0.2997435241937637,0.6005129516124725
117,Claude,Fewshot,5,0.10319786667823794,0.40319786667823787,0.4936042666435242
118,Claude,Fewshot,6,0.0,0.057685136795043945,0.942314863204956
119,Claude,Fewshot,5,0.0,0.08625942468643188,0.9137405753135681
120,Claude,Fewshot,6,0.0,0.18576768040657043,0.8142323195934296
121,Claude,Fewshot,6,0.0,0.017719298601150513,0.9822807013988495
122,Claude,Fewshot,6,0.12620953619480135,0.7,0.17379046380519866
123,Claude,Fewshot,6,0.0,0.16071823239326477,0.8392817676067352
124,Claude,Fewshot,6,0.1437008619308472,0.7,0.15629913806915283
125,Claude,Fewshot,6,0.14707427620887759,0.7,0.15292572379112243
126,Claude,Fewshot,6,0.1453441917896271,0.7,0.15465580821037292
127,Claude,Fewshot,6,0.04351436495780947,0.24351436495780943,0.7129712700843811
128,Claude,Fewshot,6,0.0560814827680588,0.25608148276805875,0.6878370344638824
129,Claude,Fewshot,6,0.12007335722446444,0.42007335722446437,0.4598532855510712
130,Claude,Fewshot,6,0.1490520775318146,0.7,0.15094792246818542
131,Claude,Fewshot,6,0.0,0.06755325198173523,0.9324467480182648
132,Claude,Fewshot,6,0.0,0.18193018436431885,0.8180698156356812
133,Claude,Fewshot,6,0.05993507206439974,0.2599350720643997,0.6801298558712006
134,Claude,Fewshot,6,0.0,0.1739712357521057,0.8260287642478943
135,Claude,Fewshot,6,0.1284190207719803,0.7,0.1715809792280197
136,Claude,Fewshot,5,0.14919961392879488,0.7,0.15080038607120513
137,Claude,Fewshot,6,0.14649214744567873,0.7,0.15350785255432128
138,Claude,Fewshot,5,0.1470214664936066,0.7,0.15297853350639343
139,Claude,Fewshot,6,0.10746324956417086,0.4074632495641708,0.48507350087165835
140,Claude,Fewshot,5,0.0,0.17774182558059692,0.8222581744194031
141,Claude,Fewshot,5,0.0868119537830353,0.28681195378303526,0.6263760924339294
142,Claude,Fewshot,6,0.1141464948654175,0.41414649486541744,0.47170701026916506
143,Claude,Fewshot,6,0.1298279255628586,0.7,0.1701720744371414
144,Claude,Fewshot,6,0.0,0.18998298048973083,0.8100170195102692
145,Claude,Fewshot,6,0.12235096991062167,0.4223509699106216,0.45529806017875674
146,Claude,Fewshot,6,0.11357968449592593,0.41357968449592586,0.4728406310081482
147,Claude,Fewshot,6,0.04429154992103579,0.24429154992103574,0.7114169001579285
148,Claude,Fewshot,6,0.1431796044111252,0.7,0.1568203955888748
149,Claude,Fewshot,5,0.0,0.022061944007873535,0.9779380559921265
150,Claude,Fewshot,6,0.0,0.15158730745315552,0.8484126925468445
151,Claude,Fewshot,6,0.0,0.19211077690124512,0.8078892230987549
152,Claude,Fewshot,6,0.12653630375862124,0.7,0.17346369624137878
153,Claude,Fewshot,6,0.1463178336620331,0.7,0.1536821663379669
154,Claude,Fewshot,6,0.14567252397537234,0.7,0.15432747602462768
155,Claude,Fewshot,6,0.0,0.09319835901260376,0.9068016409873962
156,Claude,Fewshot,5,0.1401586025953293,0.7,0.1598413974046707
157,Claude,Fewshot,6,0.0,0.19887429475784302,0.801125705242157
158,Claude,Fewshot,6,0.10348370075225832,0.40348370075225826,0.4930325984954834
159,Claude,Fewshot,6,0.0,0.0031684041023254395,0.9968315958976746
160,Claude,Fewshot,6,0.010759735107421897,0.21075973510742185,0.7784805297851562
161,Claude,Fewshot,6,0.0,0.07383617758750916,0.9261638224124908
162,Claude,Fewshot,6,0.0,0.10328307747840881,0.8967169225215912
163,Claude,Fewshot,6,0.11844194829463961,0.41844194829463954,0.46311610341072085
164,Claude,Fewshot,6,0.10305645465850832,0.40305645465850826,0.4938870906829834
165,Claude,Fewshot,6,0.1271300405263901,0.7,0.17286995947360992
166,Claude,Fewshot,5,0.0,0.026991456747055054,0.973008543252945
167,Claude,Fewshot,6,0.1302665412425995,0.7,0.1697334587574005
168,Claude,Fewshot,6,0.12266362607479098,0.4226636260747909,0.4546727478504181
169,Claude,Fewshot,6,0.14901178479194643,0.7,0.15098821520805358
170,Claude,Fewshot,5,0.00870034992694857,0.20870034992694853,0.7825993001461029
171,Claude,Fewshot,6,0.1427709996700287,0.7,0.1572290003299713
172,Claude,Fewshot,6,0.0,0.13220921158790588,0.8677907884120941
173,Claude,Fewshot,5,0.0,0.1067315936088562,0.8932684063911438
174,Claude,Fewshot,5,0.13639318346977236,0.7,0.16360681653022766
175,Claude,Fewshot,6,0.13922304809093478,0.7,0.16077695190906524
176,Claude,Fewshot,6,0.0,0.0898217260837555,0.9101782739162445
177,Claude,Fewshot,5,0.0,0.06077015399932861,0.9392298460006714
178,Claude,Fewshot,6,0.0,0.02190631628036499,0.978093683719635
179,Claude,Fewshot,6,0.0,0.013198167085647583,0.9868018329143524
180,Claude,Fewshot,6,0.14195291101932528,0.7,0.15804708898067474
181,Claude,Fewshot,6,0.0,0.129643052816391,0.870356947183609
182,Claude,Fewshot,6,0.13077598214149477,0.7,0.16922401785850524
183,Claude,Fewshot,6,0.1329654395580292,0.7,0.16703456044197082
184,Claude,Fewshot,6,0.0770020127296448,0.27700201272964475,0.6459959745407104
185,Claude,Fewshot,6,0.0,0.049249738454818726,0.9507502615451813
186,Claude,Fewshot,5,0.07144890129566195,0.2714489012956619,0.6571021974086761
187,Claude,Fewshot,6,0.0,0.060825616121292114,0.9391743838787079
188,Claude,Fewshot,5,0.15048212707042696,0.7,0.14951787292957305
189,Claude,Fewshot,5,0.14660815298557284,0.7,0.15339184701442718
190,Claude,Fewshot,6,0.0,0.10283708572387695,0.897162914276123
191,Claude,Fewshot,6,0.0,0.10782206058502197,0.892177939414978
192,Claude,Fewshot,6,0.09541159272193911,0.29541159272193906,0.6091768145561218
193,Claude,Fewshot,6,0.07801056802272799,0.27801056802272794,0.6439788639545441
194,Claude,Fewshot,6,0.0,0.04969429969787598,0.950305700302124
195,Claude,Fewshot,6,0.03567551970481875,0.2356755197048187,0.7286489605903625
196,Claude,Fewshot,5,0.116019943356514,0.41601994335651393,0.46796011328697207
197,Claude,Fewshot,5,0.0,0.184666246175766,0.815333753824234
198,Claude,Fewshot,6,0.0,0.09982138872146606,0.9001786112785339
199,Claude,Fewshot,6,0.0,0.1810908019542694,0.8189091980457306
200,Claude,Fewshot,6,0.10904120802879336,0.4090412080287933,0.48191758394241335
201,Claude,Fewshot,6,0.04010845124721529,0.24010845124721525,0.7197830975055695
202,Claude,Fewshot,6,0.0,0.006029188632965088,0.9939708113670349
203,Claude,Fewshot,5,0.0,0.09773138165473938,0.9022686183452606
204,Claude,Fewshot,5,0.07349453270435335,0.2734945327043533,0.6530109345912933
205,Claude,Fewshot,6,0.08167516589164736,0.2816751658916473,0.6366496682167053
206,Claude,Fewshot,6,0.0,0.1412501335144043,0.8587498664855957
207,Claude,Fewshot,5,0.12633577883243563,0.7,0.1736642211675644
208,Claude,Fewshot,6,0.12475877404212954,0.42475877404212947,0.450482451915741
209,Claude,Fewshot,6,0.13159678280353548,0.7,0.16840321719646453
210,Claude,Fewshot,6,0.04792570471763613,0.2479257047176361,0.7041485905647278
211,Claude,Fewshot,6,0.11589939296245577,0.4158993929624557,0.4682012140750885
212,Claude,Fewshot,5,0.0438504755496979,0.24385047554969785,0.7122990489006042
213,Claude,Fewshot,6,0.004796305298805259,0.20479630529880521,0.7904073894023895
214,Claude,Fewshot,6,0.012561389803886436,0.2125613898038864,0.7748772203922272
215,Claude,Fewshot,6,0.053045475482940696,0.25304547548294065,0.6939090490341187
216,Claude,Fewshot,6,0.11121697127819063,0.41121697127819057,0.4775660574436188
217,Claude,Fewshot,6,0.0,0.020570844411849976,0.97942915558815
218,Claude,Fewshot,6,0.12622074186801913,0.7,0.1737792581319809
219,Claude,Fewshot,6,0.0,0.13064545392990112,0.8693545460700989
220,Claude,Fewshot,6,0.0,0.12813112139701843,0.8718688786029816
221,Claude,Fewshot,6,0.14505423009395602,0.7,0.154945769906044
222,Claude,Fewshot,6,0.0,0.04815593361854553,0.9518440663814545
223,Claude,Fewshot,6,0.0,0.03076311945915222,0.9692368805408478
224,Claude,Fewshot,5,0.0,0.18682238459587097,0.813177615404129
225,Claude,Fewshot,6,0.14822571873664858,0.7,0.15177428126335143
226,Claude,Fewshot,6,0.06616469621658327,0.26616469621658323,0.6676706075668335
227,Claude,Fewshot,6,0.0,0.06986802816390991,0.9301319718360901
228,Claude,Fewshot,6,0.0,0.07872435450553894,0.9212756454944611
229,Claude,Fewshot,6,0.0,0.043468177318573,0.956531822681427
230,Claude,Fewshot,6,0.07727164924144747,0.2772716492414474,0.6454567015171051
231,Claude,Fewshot,6,0.0,0.09279331564903259,0.9072066843509674
232,Claude,Fewshot,5,0.1417917847633362,0.7,0.1582082152366638
233,Claude,Fewshot,5,0.1448304891586304,0.7,0.15516951084136962
234,Claude,Fewshot,6,0.0,0.09672710299491882,0.9032728970050812
235,Claude,Fewshot,6,0.12081212699413302,0.42081212699413295,0.45837574601173403
236,Claude,Fewshot,6,0.09961582124233248,0.29961582124233244,0.6007683575153351
237,Claude,Fewshot,6,0.0,0.08844637870788574,0.9115536212921143
238,Claude,Fewshot,6,0.04289762079715731,0.24289762079715727,0.7142047584056854
239,Claude,Fewshot,6,0.14934548139572146,0.7,0.15065451860427856
240,Claude,Fewshot,6,0.14177949130535128,0.7,0.15822050869464874
241,Claude,Fewshot,6,0.0,0.11784496903419495,0.882155030965805
242,Claude,Fewshot,6,0.06357755661010744,0.2635775566101074,0.6728448867797852
243,Claude,Fewshot,5,0.0,0.046519458293914795,0.9534805417060852
244,Claude,Fewshot,6,0.0,0.07710012793540955,0.9228998720645905
245,Claude,Fewshot,6,0.07442791163921358,0.27442791163921354,0.6511441767215729
246,Claude,Fewshot,6,0.14270473420619967,0.7,0.15729526579380035
247,Claude,Fewshot,6,0.0,0.10993963479995728,0.8900603652000427
248,Claude,Fewshot,6,0.14805547297000887,0.7,0.15194452702999114
249,Claude,Fewshot,6,0.048121953010559104,0.24812195301055906,0.7037560939788818
250,Claude,Fewshot,6,0.0,0.04511106014251709,0.9548889398574829
251,Claude,Fewshot,5,0.0,0.09686800837516785,0.9031319916248322
252,Claude,Fewshot,5,0.09382666051387789,0.29382666051387785,0.6123466789722443
253,Claude,Fewshot,6,0.0,0.12771782279014587,0.8722821772098541
254,Claude,Fewshot,6,0.02915630638599398,0.22915630638599394,0.7416873872280121
255,Claude,Fewshot,6,0.0,0.13557341694831848,0.8644265830516815
256,Claude,Fewshot,6,0.0,0.07827574014663696,0.921724259853363
257,Claude,Fewshot,6,0.0,0.08217015862464905,0.917829841375351
258,Claude,Fewshot,5,0.0959473788738251,0.29594737887382505,0.6081052422523499
259,Claude,Fewshot,5,0.1172776907682419,0.41727769076824184,0.46544461846351626
260,Claude,Fewshot,6,0.0877541393041611,0.28775413930416105,0.6244917213916779
261,Claude,Fewshot,6,0.14536681175231936,0.7,0.15463318824768066
262,Claude,Fewshot,6,0.0,0.02910667657852173,0.9708933234214783
263,Claude,Fewshot,6,0.01601969599723818,0.21601969599723814,0.7679606080055237
264,Claude,Fewshot,6,0.0,0.012249618768692017,0.987750381231308
265,Claude,Fewshot,6,0.13073579370975497,0.7,0.16926420629024505
266,Claude,Fewshot,6,0.06931062936782839,0.26931062936782835,0.6613787412643433
267,Claude,Fewshot,5,0.0,0.15285402536392212,0.8471459746360779
268,Claude,Fewshot,6,0.1295646816492081,0.7,0.17043531835079193
269,Claude,Fewshot,6,0.10664802193641665,0.4066480219364166,0.48670395612716677
270,Claude,Fewshot,6,0.0,0.11134618520736694,0.8886538147926331
271,Claude,Fewshot,6,0.07542336881160738,0.27542336881160734,0.6491532623767853
272,Claude,Fewshot,6,0.08347190320491793,0.2834719032049179,0.6330561935901642
273,Claude,Fewshot,6,0.0,0.1413637399673462,0.8586362600326538
274,Claude,Fewshot,6,0.0,0.014301985502243042,0.985698014497757
275,Claude,Fewshot,6,0.13683182895183565,0.7,0.16316817104816436
276,Claude,Fewshot,6,0.0,0.18987944722175598,0.810120552778244
277,Claude,Fewshot,5,0.13424053192138674,0.7,0.16575946807861328
278,Claude,Fewshot,5,0.061722570657730125,0.2617225706577301,0.6765548586845398
279,Claude,Fewshot,6,0.0,0.07995271682739258,0.9200472831726074
280,Claude,Fewshot,6,0.147844934463501,0.7,0.15215506553649902
281,Claude,Fewshot,6,0.0,0.08992475271224976,0.9100752472877502
282,Claude,Fewshot,6,0.0,0.011967837810516357,0.9880321621894836
283,Claude,Fewshot,6,0.0,0.020042777061462402,0.9799572229385376
284,Claude,Fewshot,6,0.0013469249010086282,0.20134692490100858,0.7973061501979828
285,Claude,Fewshot,6,0.018205621838569663,0.21820562183856962,0.7635887563228607
286,Claude,Fewshot,6,0.12783766686916354,0.7,0.17216233313083648
287,Claude,Fewshot,6,0.0,0.039807260036468506,0.9601927399635315
288,Claude,Fewshot,5,0.1010961025953293,0.40109610259532924,0.49780779480934145
289,Claude,Fewshot,7,0.11736341714859011,0.41736341714859004,0.46527316570281985
290,Claude,Fewshot,6,0.071030730009079,0.27103073000907896,0.657938539981842
291,Claude,Fewshot,6,0.10751236379146578,0.4075123637914657,0.4849752724170685
292,Claude,Fewshot,6,0.00869841277599337,0.20869841277599332,0.7826031744480133
293,Claude,Fewshot,6,0.0,0.14307117462158203,0.856928825378418
294,Claude,Fewshot,6,0.0,0.16925913095474243,0.8307408690452576
295,Claude,Fewshot,5,0.14174155294895174,0.7,0.15825844705104827
296,Claude,Fewshot,5,0.13469562828540804,0.7,0.16530437171459197
297,Claude,Fewshot,5,0.0,0.043415457010269165,0.9565845429897308
298,Claude,Fewshot,6,0.0,0.03335130214691162,0.9666486978530884
299,Claude,Fewshot,6,0.12007912397384646,0.4200791239738464,0.45984175205230715
300,Claude,Fewshot,6,0.0,0.05649849772453308,0.9435015022754669
301,Claude,Fewshot,6,0.013741993904113792,0.21374199390411375,0.7725160121917725
302,Claude,Fewshot,5,0.02028247117996218,0.22028247117996214,0.7594350576400757
303,Claude,Fewshot,6,0.1436783015727997,0.7,0.1563216984272003
304,Claude,Fewshot,6,0.096655809879303,0.29665580987930296,0.606688380241394
305,Claude,Fewshot,6,0.10085495710372927,0.4008549571037292,0.4982900857925415
306,Claude,Fewshot,5,0.0,0.008507370948791504,0.9914926290512085
307,Claude,Fewshot,6,0.06314916312694552,0.2631491631269455,0.673701673746109
308,Claude,Fewshot,5,0.14610866606235506,0.7,0.15389133393764495
309,Claude,Fewshot,6,0.05372382104396822,0.2537238210439682,0.6925523579120636
310,Claude,Fewshot,6,0.0,0.17025944590568542,0.8297405540943146
311,Claude,Fewshot,6,0.007076793909072898,0.20707679390907285,0.7858464121818542
312,Claude,Fewshot,5,0.07522487044334414,0.2752248704433441,0.6495502591133118
313,Claude,Fewshot,6,0.14068683385849,0.7,0.15931316614151
314,Claude,Fewshot,6,0.13621127009391787,0.7,0.16378872990608215
315,Claude,Fewshot,6,0.0347145736217499,0.23471457362174986,0.7305708527565002
316,Claude,Fewshot,6,0.1328479588031769,0.7,0.16715204119682311
317,Claude,Fewshot,6,0.0007656008005142434,0.2007656008005142,0.7984687983989716
318,Claude,Fewshot,5,0.0,0.13417553901672363,0.8658244609832764
319,Claude,Fewshot,6,0.07796356976032259,0.27796356976032255,0.6440728604793549
320,Claude,Fewshot,6,0.10690394937992098,0.4069039493799209,0.4861921012401581
321,Claude,Fewshot,5,0.0,0.0882822573184967,0.9117177426815033
322,Claude,Fewshot,5,0.14289205670356753,0.7,0.1571079432964325
323,Claude,Fewshot,6,0.07043013870716097,0.2704301387071609,0.6591397225856781
324,Claude,Fewshot,6,0.0,0.0473102331161499,0.9526897668838501
325,Claude,Fewshot,6,0.1420436590909958,0.7,0.1579563409090042
326,Claude,Fewshot,5,0.021884122490882896,0.22188412249088285,0.7562317550182343
327,Claude,Fewshot,6,0.030054920911788963,0.23005492091178892,0.7398901581764221
328,Claude,Fewshot,6,0.14763414263725283,0.7,0.1523658573627472
329,Claude,Fewshot,5,0.1343210577964783,0.7,0.16567894220352172
330,Claude,Fewshot,6,0.1357846945524216,0.7,0.16421530544757842
331,Claude,Fewshot,6,0.11610817313194277,0.4161081731319427,0.4677836537361145
332,Claude,Fewshot,6,0.1360438108444214,0.7,0.1639561891555786
333,Claude,Fewshot,6,0.04405791461467745,0.2440579146146774,0.7118841707706451
334,Claude,Fewshot,6,0.0,0.10426786541938782,0.8957321345806122
335,Claude,Fewshot,6,0.1627236992120743,0.7,0.13727630078792571
336,Claude,Fewshot,5,0.0,0.03394320607185364,0.9660567939281464
337,Claude,Fewshot,6,0.1441115826368332,0.7,0.1558884173631668
338,Claude,Fewshot,6,0.14492982029914858,0.7,0.15507017970085143
339,Claude,Fewshot,5,0.14279712140560152,0.7,0.1572028785943985
340,Claude,Fewshot,6,0.08100811541080477,0.2810081154108047,0.6379837691783905
341,Claude,Fewshot,6,0.10671944320201876,0.4067194432020187,0.48656111359596255
342,Claude,Fewshot,6,0.14248118698596957,0.7,0.15751881301403045
343,Claude,Fewshot,6,0.05837529301643374,0.2583752930164337,0.6832494139671326
344,Claude,Fewshot,6,0.10660923421382906,0.406609234213829,0.48678153157234194
345,Claude,Fewshot,6,0.0,0.0287686288356781,0.9712313711643219
346,Claude,Fewshot,6,0.0364635229110718,0.23646352291107176,0.7270729541778564
347,Claude,Fewshot,6,0.1501441687345505,0.7,0.14985583126544952
348,Claude,Fewshot,6,0.14277427792549136,0.7,0.15722572207450866
349,Claude,Fewshot,5,0.0,0.1814592182636261,0.8185407817363739
350,Claude,Fewshot,5,0.14110095202922823,0.7,0.15889904797077178
351,Claude,Fewshot,6,0.09801798462867739,0.29801798462867735,0.6039640307426453
352,Claude,Fewshot,6,0.13231135308742525,0.7,0.16768864691257476
353,Claude,Fewshot,6,0.0,0.14335721731185913,0.8566427826881409
354,Claude,Fewshot,6,0.14675199389457705,0.7,0.15324800610542297
355,Claude,Fewshot,6,0.010012054443359397,0.21001205444335935,0.7799758911132812
356,Claude,Fewshot,5,0.13023480176925661,0.7,0.1697651982307434
357,Claude,Fewshot,6,0.0,0.1984262466430664,0.8015737533569336
358,Claude,Fewshot,6,0.0,0.0840752124786377,0.9159247875213623
359,Claude,Fewshot,6,0.10148545503616335,0.4014854550361633,0.49702908992767336
360,Claude,Fewshot,6,0.0,0.015041142702102661,0.9849588572978973
361,Claude,Fewshot,6,0.0,0.1192774772644043,0.8807225227355957
362,Claude,Fewshot,6,0.08434472382068636,0.2843447238206863,0.6313105523586273
363,Claude,Fewshot,6,0.0,0.1337612271308899,0.8662387728691101
364,Claude,Fewshot,6,0.12380001842975619,0.4238000184297561,0.4523999631404877
365,Claude,Fewshot,5,0.0,0.1655934453010559,0.8344065546989441
366,Claude,Fewshot,6,0.14457025527954104,0.7,0.15542974472045898
367,Claude,Fewshot,6,0.08061825633049013,0.2806182563304901,0.6387634873390198
368,Claude,Fewshot,6,0.0,0.012872636318206787,0.9871273636817932
369,Claude,Fewshot,6,0.14692472815513613,0.7,0.15307527184486389
370,Claude,Fewshot,6,0.0,0.058583617210388184,0.9414163827896118
371,Claude,Fewshot,6,0.11247005462646487,0.4124700546264648,0.47505989074707033
372,Claude,Fewshot,6,0.1493170499801636,0.7,0.15068295001983642
373,Claude,Fewshot,6,0.14090984463691714,0.7,0.15909015536308288
374,Claude,Fewshot,6,0.07333911359310152,0.2733391135931015,0.653321772813797
375,Claude,Fewshot,6,0.014767640829086326,0.21476764082908628,0.7704647183418274
376,Claude,Fewshot,6,0.0,0.19125977158546448,0.8087402284145355
377,Claude,Fewshot,6,0.08282847106456759,0.28282847106456754,0.6343430578708649
378,Claude,Fewshot,6,0.11971048414707186,0.4197104841470718,0.46057903170585635
379,Claude,Fewshot,5,0.12145150601863863,0.42145150601863857,0.4570969879627228
380,Claude,Fewshot,6,0.0056884825229645,0.20568848252296446,0.788623034954071
381,Claude,Fewshot,6,0.14599066376686098,0.7,0.15400933623313903
382,Claude,Fewshot,6,0.08657429516315462,0.2865742951631546,0.6268514096736908
383,Claude,Fewshot,5,0.13332178592681887,0.7,0.16667821407318115
384,Claude,Fewshot,5,0.01782839894294741,0.21782839894294737,0.7643432021141052
385,Claude,Fewshot,6,0.0,0.06021958589553833,0.9397804141044617
386,Claude,Fewshot,6,0.1217422276735306,0.42174222767353053,0.45651554465293886
387,Claude,Fewshot,6,0.11198514103889468,0.4119851410388946,0.4760297179222107
388,Claude,Fewshot,6,0.0,0.09930559992790222,0.9006944000720978
389,Claude,Fewshot,6,0.0,0.08284497261047363,0.9171550273895264
390,Claude,Fewshot,6,0.08024109303951266,0.2802410930395126,0.6395178139209747
391,Claude,Fewshot,6,0.0727622449398041,0.27276224493980405,0.6544755101203918
392,Claude,Fewshot,6,0.0484683156013489,0.24846831560134885,0.7030633687973022
393,Claude,Fewshot,5,0.14868261814117434,0.7,0.15131738185882568
394,Claude,Fewshot,6,0.11105231344699862,0.41105231344699855,0.47789537310600283
395,Claude,Fewshot,6,0.01928789317607882,0.21928789317607877,0.7614242136478424
396,Claude,Fewshot,6,0.0,0.018633395433425903,0.9813666045665741
397,Claude,Fewshot,6,0.010146358609199546,0.2101463586091995,0.779707282781601
398,Claude,Fewshot,6,0.15062960386276247,0.7,0.14937039613723754
399,Claude,Fewshot,5,0.13411500453948977,0.7,0.16588499546051025
400,Claude,Fewshot,6,0.13051692545413973,0.7,0.16948307454586028
401,Claude,Fewshot,6,0.0,0.18508371710777283,0.8149162828922272
402,Claude,Fewshot,6,0.04881521463394167,0.24881521463394163,0.7023695707321167
403,Claude,Fewshot,5,0.06718742251396181,0.26718742251396177,0.6656251549720764
404,Claude,Fewshot,6,0.12876678407192232,0.7,0.1712332159280777
405,Claude,Fewshot,6,0.15001713633537295,0.7,0.14998286366462707
406,Claude,Fewshot,6,0.028593176603317283,0.22859317660331724,0.7428136467933655
407,Claude,Fewshot,6,0.0,0.19331809878349304,0.806681901216507
408,Claude,Fewshot,5,0.13786893486976626,0.7,0.16213106513023376
409,Claude,Fewshot,6,0.04200793206691744,0.2420079320669174,0.7159841358661652
410,Claude,Fewshot,6,0.0,0.09360787272453308,0.9063921272754669
411,Claude,Fewshot,5,0.14769484996795657,0.7,0.15230515003204345
412,Claude,Fewshot,6,0.10522125065326693,0.40522125065326686,0.4895574986934662
413,Claude,Fewshot,6,0.13326829075813296,0.7,0.16673170924186706
414,Claude,Fewshot,6,0.10846915245056155,0.4084691524505615,0.483061695098877
415,Claude,Fewshot,6,0.06036595404148104,0.260365954041481,0.679268091917038
416,Claude,Fewshot,6,0.13325937986373904,0.7,0.16674062013626098
417,Claude,Fewshot,5,0.03446985185146334,0.2344698518514633,0.7310602962970734
418,Claude,Fewshot,6,0.0,0.05908361077308655,0.9409163892269135
419,Claude,Fewshot,6,0.11168020367622378,0.4116802036762237,0.4766395926475525
420,Claude,Fewshot,6,0.07149132490158083,0.2714913249015808,0.6570173501968384
421,Claude,Fewshot,6,0.14620637297630312,0.7,0.1537936270236969
422,Claude,Fewshot,6,0.12145704925060274,0.4214570492506027,0.4570859014987946
423,Claude,Fewshot,6,0.11812559664249422,0.41812559664249416,0.4637488067150116
424,Claude,Fewshot,5,0.029408478736877464,0.22940847873687742,0.7411830425262451
425,Claude,Fewshot,6,0.05246580541133883,0.2524658054113388,0.6950683891773224
426,Claude,Fewshot,6,0.12645798325538637,0.7,0.17354201674461364
427,Claude,Fewshot,6,0.13485465347766878,0.7,0.16514534652233123
428,Claude,Fewshot,6,0.14777914583683016,0.7,0.15222085416316986
429,Claude,Fewshot,6,0.0029593497514724953,0.20295934975147245,0.794081300497055
430,Claude,Fewshot,6,0.0,0.07966464757919312,0.9203353524208069
431,Claude,Fewshot,6,0.08075355887413027,0.2807535588741302,0.6384928822517395
432,Claude,Fewshot,6,0.12262202203273775,0.4226220220327377,0.45475595593452456
433,Claude,Fewshot,6,0.07592361569404604,0.275923615694046,0.648152768611908
434,Claude,Fewshot,5,0.09159874320030215,0.2915987432003021,0.6168025135993958
435,Claude,Fewshot,5,0.14640692770481112,0.7,0.1535930722951889
436,Claude,Fewshot,6,0.11688200533390047,0.4168820053339004,0.4662359893321991
437,Claude,Fewshot,5,0.06329304873943331,0.26329304873943327,0.6734139025211334
438,Claude,Fewshot,6,0.13879317939281466,0.7,0.16120682060718536
439,Claude,Fewshot,6,0.00932859778404238,0.20932859778404234,0.7813428044319153
440,Claude,Fewshot,6,0.0,0.09352642297744751,0.9064735770225525
441,Claude,Fewshot,6,0.0,0.02953776717185974,0.9704622328281403
442,Claude,Fewshot,6,0.053300762176513694,0.25330076217651365,0.6933984756469727
443,Claude,Fewshot,6,0.14383206665515902,0.7,0.156167933344841
444,Claude,Fewshot,6,0.0,0.012142479419708252,0.9878575205802917
445,Claude,Fewshot,6,0.0,0.09852379560470581,0.9014762043952942
446,Claude,Fewshot,6,0.0,0.1984120011329651,0.8015879988670349
447,Claude,Fewshot,6,0.0,0.008618980646133423,0.9913810193538666
448,Claude,Fewshot,6,0.12768114507198336,0.7,0.17231885492801666
449,Claude,Fewshot,6,0.12315965592861178,0.4231596559286117,0.4536806881427765
450,Claude,Fewshot,5,0.0,0.10419994592666626,0.8958000540733337
451,Claude,Fewshot,6,0.1234073877334595,0.42340738773345943,0.4531852245330811
452,Claude,Fewshot,6,0.14875329434871676,0.7,0.15124670565128326
453,Claude,Fewshot,6,0.0,0.06503656506538391,0.9349634349346161
454,Claude,Fewshot,5,0.12941946983337405,0.7,0.17058053016662597
455,Claude,Fewshot,5,0.0,0.10112988948822021,0.8988701105117798
456,Claude,Fewshot,6,0.1424711436033249,0.7,0.1575288563966751
457,Claude,Fewshot,6,0.1339107245206833,0.7,0.1660892754793167
458,Claude,Fewshot,6,0.14247653782367709,0.7,0.15752346217632293
459,Claude,Fewshot,5,0.0,0.1555531620979309,0.8444468379020691
460,Claude,Fewshot,6,0.13920074105262759,0.7,0.16079925894737243
461,Claude,Fewshot,6,0.15035090744495394,0.7,0.14964909255504608
462,Claude,Fewshot,6,0.13055344820022585,0.7,0.16944655179977416
463,Claude,Fewshot,6,0.028930658102035545,0.2289306581020355,0.742138683795929
464,Claude,Fewshot,6,0.03242882490158083,0.2324288249015808,0.7351423501968384
465,Claude,Fewshot,6,0.02575948238372805,0.225759482383728,0.748481035232544
466,Claude,Fewshot,6,0.14843995273113253,0.7,0.1515600472688675
467,Claude,Fewshot,6,0.14736814200878146,0.7,0.15263185799121856
468,Claude,Fewshot,6,0.01701495945453646,0.21701495945453642,0.7659700810909271
469,Claude,Fewshot,6,0.0,0.13397452235221863,0.8660254776477814
470,Claude,Fewshot,6,0.10130710303783419,0.4013071030378341,0.4973857939243317
471,Claude,Fewshot,6,0.11781222522258761,0.41781222522258754,0.46437554955482485
472,Claude,Fewshot,6,0.12574596107006075,0.7,0.17425403892993926
473,Claude,Fewshot,6,0.08285901844501498,0.28285901844501493,0.6342819631099701
474,Claude,Fewshot,5,0.0,0.12505701184272766,0.8749429881572723
475,Claude,Fewshot,6,0.1427998483181,0.7,0.15720015168190002
476,Claude,Fewshot,6,0.0,0.022762656211853027,0.977237343788147
477,Claude,Fewshot,5,0.0,0.0056459009647369385,0.9943540990352631
478,Claude,Fewshot,6,0.09506514072418215,0.2950651407241821,0.6098697185516357
479,Claude,Fewshot,5,0.0,0.043437302112579346,0.9565626978874207
480,Claude,Fewshot,6,0.13891995847225191,0.7,0.1610800415277481
481,Claude,Fewshot,6,0.0,0.0758335292339325,0.9241664707660675
482,Claude,Fewshot,6,0.0,0.03861871361732483,0.9613812863826752
483,Claude,Fewshot,6,0.0,0.1482093632221222,0.8517906367778778
484,Claude,Fewshot,6,0.1369540333747864,0.7,0.16304596662521362
485,Claude,Fewshot,6,0.11891859173774721,0.41891859173774715,0.46216281652450564
486,Claude,Fewshot,6,0.0,0.0677092969417572,0.9322907030582428
487,Claude,Fewshot,5,0.0,0.07863292098045349,0.9213670790195465
488,Claude,Fewshot,5,0.14743640422821047,0.7,0.15256359577178955
489,Claude,Fewshot,6,0.050358796119689964,0.2503587961196899,0.6992824077606201
490,Claude,Fewshot,6,0.0,0.1321028769016266,0.8678971230983734
491,Claude,Fewshot,6,0.0,0.0056324303150177,0.9943675696849823
492,Claude,Fewshot,6,0.06422332823276522,0.2642233282327652,0.6715533435344696
493,Claude,Fewshot,5,0.14948254227638247,0.7,0.15051745772361755
494,Claude,Fewshot,6,0.07478692531585696,0.2747869253158569,0.6504261493682861
495,Claude,Fewshot,5,0.012829804420471214,0.21282980442047117,0.7743403911590576
496,Claude,Fewshot,5,0.11623378992080691,0.41623378992080684,0.46753242015838625
497,Claude,Fewshot,5,0.0,0.04993918538093567,0.9500608146190643
498,Claude,Fewshot,5,0.0,0.19750210642814636,0.8024978935718536
499,Claude,Fewshot,6,0.10951117575168612,0.40951117575168605,0.48097764849662783
