chain_id,model,method,num_emails,sentiment_neg,sentiment_neu,sentiment_pos
0,Deepseek,Bare Llama8B,5,0.04679488539695742,0.24679488539695738,0.7064102292060852
1,Deepseek,Bare Llama8B,6,0.0,0.009468570351600647,0.9905314296483994
2,Deepseek,Bare Llama8B,5,0.03619126379489901,0.23619126379489896,0.727617472410202
3,Deepseek,Bare Llama8B,4,0.0,0.005462288856506348,0.9945377111434937
4,Deepseek,Bare Llama8B,3,0.12830823063850405,0.7,0.17169176936149597
5,Deepseek,Bare Llama8B,5,0.15224155187606814,0.7,0.14775844812393188
6,Deepseek,Bare Llama8B,3,0.0,0.09055879712104797,0.909441202878952
7,Deepseek,Bare Llama8B,3,0.1416699975728989,0.7,0.15833000242710113
8,Deepseek,Bare Llama8B,3,0.11891120076179507,0.418911200761795,0.46217759847640993
9,Deepseek,Bare Llama8B,3,0.01572431027889254,0.2157243102788925,0.768551379442215
10,Deepseek,Bare Llama8B,3,0.13902514576911928,0.7,0.16097485423088073
11,Deepseek,Bare Llama8B,6,0.07445763945579531,0.27445763945579527,0.6510847210884094
12,Deepseek,Bare Llama8B,7,0.9962285589426756,0.0037714410573244095,0.0
13,Deepseek,Bare Llama8B,10,0.0,0.08431664109230042,0.9156833589076996
14,Deepseek,Bare Llama8B,4,0.12037278115749361,0.42037278115749355,0.45925443768501284
15,Deepseek,Bare Llama8B,2,0.0,0.004742801189422607,0.9952571988105774
16,Deepseek,Bare Llama8B,4,0.06384592652320864,0.2638459265232086,0.6723081469535828
17,Deepseek,Bare Llama8B,4,0.9514573868364096,0.04854261316359043,0.0
18,Deepseek,Bare Llama8B,4,0.025215910375118278,0.22521591037511823,0.7495681792497635
19,Deepseek,Bare Llama8B,5,0.0,0.1925416886806488,0.8074583113193512
20,Deepseek,Bare Llama8B,5,0.08379081785678866,0.2837908178567886,0.6324183642864227
21,Deepseek,Bare Llama8B,6,0.1356831729412079,0.7,0.1643168270587921
22,Deepseek,Bare Llama8B,5,0.14625216424465182,0.7,0.1537478357553482
23,Deepseek,Bare Llama8B,4,0.0,0.18947702646255493,0.8105229735374451
24,Deepseek,Bare Llama8B,4,0.13225086927413943,0.7,0.1677491307258606
25,Deepseek,Bare Llama8B,5,0.14586774408817293,0.7,0.15413225591182708
26,Deepseek,Bare Llama8B,3,0.14891586601734164,0.7,0.15108413398265838
27,Deepseek,Bare Llama8B,5,0.0,0.06043684482574463,0.9395631551742554
28,Deepseek,Bare Llama8B,5,0.0,0.01850229501724243,0.9814977049827576
29,Deepseek,Bare Llama8B,4,0.023061686754226707,0.22306168675422666,0.7538766264915466
30,Deepseek,Bare Llama8B,4,0.0,0.19712373614311218,0.8028762638568878
31,Deepseek,Bare Llama8B,2,0.0466081887483597,0.24660818874835966,0.7067836225032806
32,Deepseek,Bare Llama8B,4,0.0,0.06297233700752258,0.9370276629924774
33,Deepseek,Bare Llama8B,3,0.0,0.025116950273513794,0.9748830497264862
34,Deepseek,Bare Llama8B,4,0.12727733850479128,0.7,0.17272266149520873
35,Deepseek,Bare Llama8B,4,0.0781953424215317,0.27819534242153166,0.6436093151569366
36,Deepseek,Bare Llama8B,5,0.0,0.17321264743804932,0.8267873525619507
37,Deepseek,Bare Llama8B,2,0.8370033726096153,0.16299662739038467,0.0
38,Deepseek,Bare Llama8B,7,0.08635301291942599,0.28635301291942594,0.6272939741611481
39,Deepseek,Bare Llama8B,4,0.0,0.15241533517837524,0.8475846648216248
40,Deepseek,Bare Llama8B,6,0.10302796363830569,0.4030279636383056,0.4939440727233887
41,Deepseek,Bare Llama8B,5,0.14712890386581423,0.7,0.15287109613418579
42,Deepseek,Bare Llama8B,2,0.0,0.05891692638397217,0.9410830736160278
43,Deepseek,Bare Llama8B,4,0.0,0.015515357255935669,0.9844846427440643
44,Deepseek,Bare Llama8B,3,0.0,0.01182529330253601,0.988174706697464
45,Deepseek,Bare Llama8B,4,0.0,0.0667177140712738,0.9332822859287262
46,Deepseek,Bare Llama8B,3,0.0357536166906357,0.23575361669063566,0.7284927666187286
47,Deepseek,Bare Llama8B,8,0.07909288406372073,0.2790928840637207,0.6418142318725586
48,Deepseek,Bare Llama8B,5,0.0,0.006946831941604614,0.9930531680583954
49,Deepseek,Bare Llama8B,11,0.1390633970499039,0.7,0.16093660295009612
50,Deepseek,Bare Llama8B,4,0.034104624390602134,0.2341046243906021,0.7317907512187958
51,Deepseek,Bare Llama8B,14,0.15855533778667452,0.7,0.1414446622133255
52,Deepseek,Bare Llama8B,6,0.04854151010513308,0.24854151010513303,0.7029169797897339
53,Deepseek,Bare Llama8B,4,0.0,0.055134207010269165,0.9448657929897308
54,Deepseek,Bare Llama8B,3,0.0,0.04860997200012207,0.9513900279998779
55,Deepseek,Bare Llama8B,3,0.0,0.056510865688323975,0.943489134311676
56,Deepseek,Bare Llama8B,3,0.9397221799008548,0.060277820099145174,0.0
57,Deepseek,Bare Llama8B,4,0.0,0.11615073680877686,0.8838492631912231
58,Deepseek,Bare Llama8B,4,0.14432505667209627,0.7,0.15567494332790374
59,Deepseek,Bare Llama8B,5,0.032302463054657005,0.23230246305465696,0.735395073890686
60,Deepseek,Bare Llama8B,3,0.08938069045543673,0.2893806904554367,0.6212386190891266
61,Deepseek,Bare Llama8B,5,0.05891823172569277,0.2589182317256927,0.6821635365486145
62,Deepseek,Bare Llama8B,8,0.09704630970954897,0.29704630970954893,0.6059073805809021
63,Deepseek,Bare Llama8B,4,0.0,0.03641146421432495,0.963588535785675
64,Deepseek,Bare Llama8B,2,0.0,0.04443904757499695,0.955560952425003
65,Deepseek,Bare Llama8B,11,0.13307894915342333,0.7,0.16692105084657669
66,Deepseek,Bare Llama8B,6,0.0,0.1649516522884369,0.8350483477115631
67,Deepseek,Bare Llama8B,2,0.11530427038669588,0.4153042703866958,0.4693914592266083
68,Deepseek,Bare Llama8B,4,0.0,0.058626770973205566,0.9413732290267944
69,Deepseek,Bare Llama8B,6,0.1501747012138367,0.7,0.14982529878616332
70,Deepseek,Bare Llama8B,5,0.9994200078945141,0.0005799921054858714,0.0
71,Deepseek,Bare Llama8B,3,0.1156001925468445,0.41560019254684444,0.46879961490631106
72,Deepseek,Bare Llama8B,3,0.0,0.1373826265335083,0.8626173734664917
73,Deepseek,Bare Llama8B,6,0.9940718703437597,0.005928129656240344,0.0
74,Deepseek,Bare Llama8B,4,0.14059733748435976,0.7,0.15940266251564025
75,Deepseek,Bare Llama8B,5,0.05936537086963656,0.2593653708696365,0.6812692582607269
76,Deepseek,Bare Llama8B,5,0.15682182935997846,0.7,0.14317817064002156
77,Deepseek,Bare Llama8B,6,0.05835271775722506,0.258352717757225,0.6832945644855499
78,Deepseek,Bare Llama8B,3,0.07544738948345187,0.2754473894834518,0.6491052210330963
79,Deepseek,Bare Llama8B,4,0.10628082752227785,0.4062808275222778,0.48743834495544436
80,Deepseek,Bare Llama8B,5,0.16208293903619053,0.7,0.13791706096380948
81,Deepseek,Bare Llama8B,7,0.14932169914245608,0.7,0.15067830085754394
82,Deepseek,Bare Llama8B,5,0.0,0.04372212290763855,0.9562778770923615
83,Deepseek,Bare Llama8B,5,0.09502419233322146,0.2950241923332214,0.6099516153335571
84,Deepseek,Bare Llama8B,6,0.10567062497138979,0.4056706249713897,0.4886587500572205
85,Deepseek,Bare Llama8B,2,0.0,0.10044127702713013,0.8995587229728699
86,Deepseek,Bare Llama8B,3,0.0,0.011181801557540894,0.9888181984424591
87,Deepseek,Bare Llama8B,7,0.0,0.042572975158691406,0.9574270248413086
88,Deepseek,Bare Llama8B,5,0.0,0.0734068751335144,0.9265931248664856
89,Deepseek,Bare Llama8B,5,0.9763818403007463,0.023618159699253738,0.0
90,Deepseek,Bare Llama8B,9,0.0,0.018048793077468872,0.9819512069225311
91,Deepseek,Bare Llama8B,6,0.022041821479797385,0.22204182147979734,0.7559163570404053
92,Deepseek,Bare Llama8B,5,0.13502567410469057,0.7,0.16497432589530944
93,Deepseek,Bare Llama8B,3,0.0,0.016068309545516968,0.983931690454483
94,Deepseek,Bare Llama8B,3,0.128281244635582,0.7,0.17171875536441802
95,Deepseek,Bare Llama8B,5,0.0,0.05102178454399109,0.9489782154560089
96,Deepseek,Bare Llama8B,2,0.14127651751041415,0.7,0.15872348248958587
97,Deepseek,Bare Llama8B,3,0.07721672356128695,0.2772167235612869,0.6455665528774261
98,Deepseek,Bare Llama8B,5,0.0,0.013247907161712646,0.9867520928382874
99,Deepseek,Bare Llama8B,5,0.15066815316677096,0.7,0.14933184683322906
100,Deepseek,Bare Llama8B,4,0.0,0.1076536476612091,0.8923463523387909
101,Deepseek,Bare Llama8B,4,0.054292941093444846,0.2542929410934448,0.6914141178131104
102,Deepseek,Bare Llama8B,6,0.05691429376602175,0.2569142937660217,0.6861714124679565
103,Deepseek,Bare Llama8B,4,0.0,0.004523217678070068,0.9954767823219299
104,Deepseek,Bare Llama8B,3,0.08876276910305025,0.2887627691030502,0.6224744617938995
105,Deepseek,Bare Llama8B,4,0.0,0.02324768900871277,0.9767523109912872
106,Deepseek,Bare Llama8B,7,0.0,0.054274171590805054,0.945725828409195
107,Deepseek,Bare Llama8B,3,0.08327230215072634,0.2832723021507263,0.6334553956985474
108,Deepseek,Bare Llama8B,3,0.1244665175676346,0.42446651756763454,0.45106696486473086
109,Deepseek,Bare Llama8B,7,0.0,0.11302685737609863,0.8869731426239014
110,Deepseek,Bare Llama8B,3,0.08136571347713473,0.2813657134771347,0.6372685730457306
111,Deepseek,Bare Llama8B,3,0.0,0.012131810188293457,0.9878681898117065
112,Deepseek,Bare Llama8B,5,0.14826569855213168,0.7,0.15173430144786834
113,Deepseek,Bare Llama8B,5,0.0,0.10401830077171326,0.8959816992282867
114,Deepseek,Bare Llama8B,6,0.07027255892753603,0.270272558927536,0.659454882144928
115,Deepseek,Bare Llama8B,3,0.0,0.04884219169616699,0.951157808303833
116,Deepseek,Bare Llama8B,3,0.0,0.07484757900238037,0.9251524209976196
117,Deepseek,Bare Llama8B,4,0.12739019989967348,0.7,0.17260980010032653
118,Deepseek,Bare Llama8B,3,0.0,0.0671931803226471,0.9328068196773529
119,Deepseek,Bare Llama8B,3,0.15133697688579562,0.7,0.1486630231142044
120,Deepseek,Bare Llama8B,2,0.0,0.02869361639022827,0.9713063836097717
121,Deepseek,Bare Llama8B,4,0.1175928056240082,0.41759280562400813,0.46481438875198366
122,Deepseek,Bare Llama8B,2,0.084903159737587,0.28490315973758695,0.630193680524826
123,Deepseek,Bare Llama8B,3,0.0,0.17037907242774963,0.8296209275722504
124,Deepseek,Bare Llama8B,10,0.12772590816020968,0.7,0.17227409183979034
125,Deepseek,Bare Llama8B,5,0.07757953703403475,0.2775795370340347,0.6448409259319305
126,Deepseek,Bare Llama8B,7,0.005197265744209312,0.20519726574420927,0.7896054685115814
127,Deepseek,Bare Llama8B,7,0.15361165404319765,0.7,0.14638834595680236
128,Deepseek,Bare Llama8B,6,0.16621453906409445,0.7,0.13378546093590557
129,Deepseek,Bare Llama8B,4,0.0,0.06839287281036377,0.9316071271896362
130,Deepseek,Bare Llama8B,6,0.0,0.13977208733558655,0.8602279126644135
131,Deepseek,Bare Llama8B,4,0.1419313043355942,0.7,0.15806869566440582
132,Deepseek,Bare Llama8B,2,0.06265711188316347,0.26265711188316343,0.6746857762336731
133,Deepseek,Bare Llama8B,3,0.0,0.05272933840751648,0.9472706615924835
134,Deepseek,Bare Llama8B,5,0.0,0.003634020686149597,0.9963659793138504
135,Deepseek,Bare Llama8B,5,0.0,0.02311958372592926,0.9768804162740707
136,Deepseek,Bare Llama8B,3,0.0,0.18439644575119019,0.8156035542488098
137,Deepseek,Bare Llama8B,4,0.08548335134983065,0.2854833513498306,0.6290332973003387
138,Deepseek,Bare Llama8B,4,0.7315232641994953,0.23423836790025232,0.03423836790025234
139,Deepseek,Bare Llama8B,3,0.13261815309524538,0.7,0.16738184690475463
140,Deepseek,Bare Llama8B,2,0.049975672364234947,0.2499756723642349,0.7000486552715302
141,Deepseek,Bare Llama8B,3,0.0,0.16619330644607544,0.8338066935539246
142,Deepseek,Bare Llama8B,4,0.0,0.0057412683963775635,0.9942587316036224
143,Deepseek,Bare Llama8B,6,0.0,0.017233997583389282,0.9827660024166107
144,Deepseek,Bare Llama8B,2,0.0,0.04198673367500305,0.958013266324997
145,Deepseek,Bare Llama8B,4,0.8402014151215553,0.15979858487844467,0.0
146,Deepseek,Bare Llama8B,4,0.09644129276275637,0.2964412927627563,0.6071174144744873
147,Deepseek,Bare Llama8B,5,0.13651140928268435,0.7,0.16348859071731567
148,Deepseek,Bare Llama8B,6,0.0,0.12216359376907349,0.8778364062309265
149,Deepseek,Bare Llama8B,6,0.01102462559938433,0.21102462559938429,0.7779507488012314
150,Deepseek,Bare Llama8B,6,0.0,0.19383114576339722,0.8061688542366028
151,Deepseek,Bare Llama8B,4,0.15219158828258517,0.7,0.14780841171741485
152,Deepseek,Bare Llama8B,7,0.6799386238562874,0.26003068807185625,0.06003068807185627
153,Deepseek,Bare Llama8B,5,0.0,0.18195989727973938,0.8180401027202606
154,Deepseek,Bare Llama8B,9,0.14634997546672823,0.7,0.15365002453327178
155,Deepseek,Bare Llama8B,3,0.0,0.11092492938041687,0.8890750706195831
156,Deepseek,Bare Llama8B,3,0.14742972850799563,0.7,0.1525702714920044
157,Deepseek,Bare Llama8B,3,0.0859584450721741,0.28595844507217405,0.6280831098556519
158,Deepseek,Bare Llama8B,5,0.1187422960996628,0.41874229609966274,0.46251540780067446
159,Deepseek,Bare Llama8B,2,0.0029216051101684792,0.20292160511016843,0.7941567897796631
160,Deepseek,Bare Llama8B,3,0.016191893815994285,0.21619189381599424,0.7676162123680115
161,Deepseek,Bare Llama8B,8,0.9769848044961691,0.02301519550383091,0.0
162,Deepseek,Bare Llama8B,5,0.9966288711875677,0.003371128812432289,0.0
163,Deepseek,Bare Llama8B,2,0.0,0.028283894062042236,0.9717161059379578
164,Deepseek,Bare Llama8B,3,0.024955475330352805,0.22495547533035276,0.7500890493392944
165,Deepseek,Bare Llama8B,8,0.9979849692899734,0.002015030710026622,0.0
166,Deepseek,Bare Llama8B,4,0.11755790710449221,0.41755790710449214,0.46488418579101565
167,Deepseek,Bare Llama8B,4,0.0994748264551163,0.29947482645511625,0.6010503470897675
168,Deepseek,Bare Llama8B,8,0.1510889917612076,0.7,0.14891100823879241
169,Deepseek,Bare Llama8B,4,0.1481048405170441,0.7,0.15189515948295593
170,Deepseek,Bare Llama8B,3,0.0,0.1835322082042694,0.8164677917957306
171,Deepseek,Bare Llama8B,4,0.14909752607345583,0.7,0.15090247392654418
172,Deepseek,Bare Llama8B,4,0.07245046794414522,0.2724504679441452,0.6550990641117096
173,Deepseek,Bare Llama8B,3,0.06369321942329409,0.26369321942329405,0.6726135611534119
174,Deepseek,Bare Llama8B,4,0.0,0.057799726724624634,0.9422002732753754
175,Deepseek,Bare Llama8B,2,0.14931094050407412,0.7,0.1506890594959259
176,Deepseek,Bare Llama8B,7,0.15265407562255862,0.7,0.1473459243774414
177,Deepseek,Bare Llama8B,8,0.04245809614658358,0.24245809614658353,0.7150838077068329
178,Deepseek,Bare Llama8B,7,0.0,0.039914488792419434,0.9600855112075806
179,Deepseek,Bare Llama8B,4,0.986942763440311,0.013057236559689045,0.0
180,Deepseek,Bare Llama8B,5,0.0,0.12838751077651978,0.8716124892234802
181,Deepseek,Bare Llama8B,3,0.7997078457847238,0.2001460771076381,0.0001460771076381151
182,Deepseek,Bare Llama8B,5,0.14162751436233523,0.7,0.1583724856376648
183,Deepseek,Bare Llama8B,2,0.0,0.0069608986377716064,0.9930391013622284
184,Deepseek,Bare Llama8B,3,0.10651829242706301,0.40651829242706294,0.48696341514587405
185,Deepseek,Bare Llama8B,4,0.0,0.0020778775215148926,0.9979221224784851
186,Deepseek,Bare Llama8B,3,0.0,0.024378836154937744,0.9756211638450623
187,Deepseek,Bare Llama8B,7,0.0,0.030484706163406372,0.9695152938365936
188,Deepseek,Bare Llama8B,5,0.1434339225292206,0.7,0.1565660774707794
189,Deepseek,Bare Llama8B,10,0.9872518265619874,0.0127481734380126,0.0
190,Deepseek,Bare Llama8B,3,0.9924918501637876,0.007508149836212397,0.0
191,Deepseek,Bare Llama8B,4,0.14979399144649508,0.7,0.15020600855350494
192,Deepseek,Bare Llama8B,10,0.12433678805828097,0.4243367880582809,0.45132642388343813
193,Deepseek,Bare Llama8B,6,0.0,0.13071998953819275,0.8692800104618073
194,Deepseek,Bare Llama8B,6,0.10452718436717989,0.4045271843671798,0.4909456312656403
195,Deepseek,Bare Llama8B,2,0.0,0.1861216425895691,0.8138783574104309
196,Deepseek,Bare Llama8B,2,0.1495900094509125,0.7,0.15040999054908752
197,Deepseek,Bare Llama8B,4,0.8834348740056157,0.11656512599438429,0.0
198,Deepseek,Bare Llama8B,6,0.15012703239917757,0.7,0.14987296760082244
199,Deepseek,Bare Llama8B,3,0.0,0.1093338131904602,0.8906661868095398
200,Deepseek,Bare Llama8B,2,0.001869851350784324,0.20186985135078428,0.7962602972984314
201,Deepseek,Bare Llama8B,4,0.0,0.07921114563941956,0.9207888543605804
202,Deepseek,Bare Llama8B,4,0.0,0.03377807140350342,0.9662219285964966
203,Deepseek,Bare Llama8B,6,0.041244426369667075,0.24124442636966703,0.7175111472606659
204,Deepseek,Bare Llama8B,7,0.11431805193424227,0.4143180519342422,0.4713638961315155
205,Deepseek,Bare Llama8B,4,0.0156914681196213,0.21569146811962125,0.7686170637607574
206,Deepseek,Bare Llama8B,10,0.0,0.10226768255233765,0.8977323174476624
207,Deepseek,Bare Llama8B,7,0.0,0.011907637119293213,0.9880923628807068
208,Deepseek,Bare Llama8B,5,0.0,0.1635221540927887,0.8364778459072113
209,Deepseek,Bare Llama8B,4,0.0,0.06659117341041565,0.9334088265895844
210,Deepseek,Bare Llama8B,4,0.05562702715396883,0.2556270271539688,0.6887459456920624
211,Deepseek,Bare Llama8B,2,0.0,0.19743603467941284,0.8025639653205872
212,Deepseek,Bare Llama8B,3,0.9669420374557376,0.03305796254426241,0.0
213,Deepseek,Bare Llama8B,2,0.10681627094745638,0.4068162709474563,0.4863674581050873
214,Deepseek,Bare Llama8B,8,0.1474121302366257,0.7,0.15258786976337432
215,Deepseek,Bare Llama8B,7,0.14587577581405642,0.7,0.1541242241859436
216,Deepseek,Bare Llama8B,3,0.08979647755622866,0.2897964775562286,0.6204070448875427
217,Deepseek,Bare Llama8B,5,0.043563836812973045,0.243563836812973,0.712872326374054
218,Deepseek,Bare Llama8B,4,0.14501180648803713,0.7,0.15498819351196289
219,Deepseek,Bare Llama8B,5,0.07562246322631838,0.27562246322631834,0.6487550735473633
220,Deepseek,Bare Llama8B,4,0.10283411443233492,0.40283411443233486,0.4943317711353302
221,Deepseek,Bare Llama8B,4,0.0,0.17809081077575684,0.8219091892242432
222,Deepseek,Bare Llama8B,2,0.055710607767105125,0.2557106077671051,0.6885787844657898
223,Deepseek,Bare Llama8B,3,0.08855777382850649,0.28855777382850645,0.6228844523429871
224,Deepseek,Bare Llama8B,2,0.029465952515602134,0.2294659525156021,0.7410680949687958
225,Deepseek,Bare Llama8B,2,0.0,0.03701627254486084,0.9629837274551392
226,Deepseek,Bare Llama8B,2,0.9742829594761133,0.02571704052388668,0.0
227,Deepseek,Bare Llama8B,8,0.018534222245216392,0.21853422224521635,0.7629315555095673
228,Deepseek,Bare Llama8B,3,0.035150209069252036,0.235150209069252,0.729699581861496
229,Deepseek,Bare Llama8B,3,0.1433072775602341,0.7,0.15669272243976592
230,Deepseek,Bare Llama8B,3,0.04812707901000979,0.24812707901000974,0.7037458419799805
231,Deepseek,Bare Llama8B,5,0.0,0.07151466608047485,0.9284853339195251
232,Deepseek,Bare Llama8B,8,0.0,0.1409124732017517,0.8590875267982483
233,Deepseek,Bare Llama8B,4,0.0,0.0786513090133667,0.9213486909866333
234,Deepseek,Bare Llama8B,5,0.1458775043487549,0.7,0.1541224956512451
235,Deepseek,Bare Llama8B,2,0.9942204770632088,0.0057795229367911816,0.0
236,Deepseek,Bare Llama8B,2,0.09149167835712435,0.2914916783571243,0.6170166432857513
237,Deepseek,Bare Llama8B,5,0.11960580348968508,0.419605803489685,0.4607883930206299
238,Deepseek,Bare Llama8B,3,0.6591398417949677,0.27043007910251615,0.07043007910251617
239,Deepseek,Bare Llama8B,3,0.03620635867118838,0.23620635867118833,0.7275872826576233
240,Deepseek,Bare Llama8B,5,0.14150243401527407,0.7,0.15849756598472595
241,Deepseek,Bare Llama8B,2,0.0,0.030902326107025146,0.9690976738929749
242,Deepseek,Bare Llama8B,5,0.1458668649196625,0.7,0.15413313508033752
243,Deepseek,Bare Llama8B,5,0.14531985819339754,0.7,0.15468014180660247
244,Deepseek,Bare Llama8B,5,0.9898078003898263,0.010192199610173702,0.0
245,Deepseek,Bare Llama8B,3,0.1503960877656937,0.7,0.14960391223430633
246,Deepseek,Bare Llama8B,3,0.151230925321579,0.7,0.14876907467842101
247,Deepseek,Bare Llama8B,3,0.08391773104667666,0.2839177310466766,0.6321645379066467
248,Deepseek,Bare Llama8B,6,0.0,0.037845730781555176,0.9621542692184448
249,Deepseek,Bare Llama8B,6,0.029483029246330283,0.22948302924633024,0.7410339415073395
250,Deepseek,Bare Llama8B,4,0.0,0.14999955892562866,0.8500004410743713
251,Deepseek,Bare Llama8B,3,0.10060582458972933,0.40060582458972926,0.4987883508205414
252,Deepseek,Bare Llama8B,7,0.0,0.029048502445220947,0.970951497554779
253,Deepseek,Bare Llama8B,10,0.8418123424053192,0.1581876575946808,0.0
254,Deepseek,Bare Llama8B,6,0.15245036184787752,0.7,0.1475496381521225
255,Deepseek,Bare Llama8B,6,0.049704262614250205,0.24970426261425016,0.7005914747714996
256,Deepseek,Bare Llama8B,2,0.0,0.010634750127792358,0.9893652498722076
257,Deepseek,Bare Llama8B,3,0.0,0.1519584059715271,0.8480415940284729
258,Deepseek,Bare Llama8B,5,0.1102632522583008,0.41026325225830074,0.47947349548339846
259,Deepseek,Bare Llama8B,3,0.09514989852905276,0.2951498985290527,0.6097002029418945
260,Deepseek,Bare Llama8B,9,0.14819912016391756,0.7,0.15180087983608245
261,Deepseek,Bare Llama8B,4,0.9749829014763236,0.025017098523676395,0.0
262,Deepseek,Bare Llama8B,2,0.11483938395977022,0.41483938395977016,0.4703212320804596
263,Deepseek,Bare Llama8B,5,0.1251684367656708,0.7,0.17483156323432922
264,Deepseek,Bare Llama8B,6,0.0,0.1202196478843689,0.8797803521156311
265,Deepseek,Bare Llama8B,4,0.03512904942035677,0.23512904942035673,0.7297419011592865
266,Deepseek,Bare Llama8B,6,0.0,0.0059163570404052734,0.9940836429595947
267,Deepseek,Bare Llama8B,6,0.09457104802131655,0.2945710480213165,0.6108579039573669
268,Deepseek,Bare Llama8B,5,0.06877016425132754,0.2687701642513275,0.662459671497345
269,Deepseek,Bare Llama8B,2,0.0,0.19673272967338562,0.8032672703266144
270,Deepseek,Bare Llama8B,5,0.0,0.011574774980545044,0.988425225019455
271,Deepseek,Bare Llama8B,20,0.9708721973001957,0.029127802699804306,0.0
272,Deepseek,Bare Llama8B,5,0.0,0.0473577082157135,0.9526422917842865
273,Deepseek,Bare Llama8B,10,0.013072007894516013,0.21307200789451597,0.773855984210968
274,Deepseek,Bare Llama8B,5,0.0,0.07684016227722168,0.9231598377227783
275,Deepseek,Bare Llama8B,5,0.0,0.06346508860588074,0.9365349113941193
276,Deepseek,Bare Llama8B,3,0.0,0.14164933562278748,0.8583506643772125
277,Deepseek,Bare Llama8B,4,0.03046216964721682,0.23046216964721677,0.7390756607055664
278,Deepseek,Bare Llama8B,3,0.06463267803192141,0.26463267803192136,0.6707346439361572
279,Deepseek,Bare Llama8B,2,0.0,0.1769680678844452,0.8230319321155548
280,Deepseek,Bare Llama8B,3,0.1431439906358719,0.7,0.1568560093641281
281,Deepseek,Bare Llama8B,1,0.993725529871881,0.006274470128118992,0.0
282,Deepseek,Bare Llama8B,4,0.0,0.03379747271537781,0.9662025272846222
283,Deepseek,Bare Llama8B,2,0.99919881002279,0.0008011899772100151,0.0
284,Deepseek,Bare Llama8B,5,0.14510188400745394,0.7,0.15489811599254608
285,Deepseek,Bare Llama8B,4,0.0,0.1797013282775879,0.8202986717224121
286,Deepseek,Bare Llama8B,5,0.03634222745895388,0.23634222745895384,0.7273155450820923
287,Deepseek,Bare Llama8B,3,0.08442860245704653,0.2844286024570465,0.631142795085907
288,Deepseek,Bare Llama8B,5,0.0,0.05910825729370117,0.9408917427062988
289,Deepseek,Bare Llama8B,3,0.0,0.011559396982192993,0.988440603017807
290,Deepseek,Bare Llama8B,4,0.9897469339193776,0.010253066080622375,0.0
291,Deepseek,Bare Llama8B,3,0.1481093853712082,0.7,0.1518906146287918
292,Deepseek,Bare Llama8B,2,0.9797819498926401,0.020218050107359886,0.0
293,Deepseek,Bare Llama8B,4,0.9080016389489174,0.09199836105108261,0.0
294,Deepseek,Bare Llama8B,7,0.15049281120300295,0.7,0.14950718879699706
295,Deepseek,Bare Llama8B,4,0.0,0.13551589846611023,0.8644841015338898
296,Deepseek,Bare Llama8B,3,0.15115710496902468,0.7,0.14884289503097534
297,Deepseek,Bare Llama8B,6,0.025422537326812766,0.22542253732681272,0.7491549253463745
298,Deepseek,Bare Llama8B,9,0.0,0.06710821390151978,0.9328917860984802
299,Deepseek,Bare Llama8B,2,0.08189732730388644,0.2818973273038864,0.6362053453922272
300,Deepseek,Bare Llama8B,4,0.060327017307281516,0.26032701730728147,0.679345965385437
301,Deepseek,Bare Llama8B,7,0.0016018837690353616,0.20160188376903532,0.7967962324619293
302,Deepseek,Bare Llama8B,4,0.09251085817813876,0.2925108581781387,0.6149782836437225
303,Deepseek,Bare Llama8B,5,0.0,0.17948096990585327,0.8205190300941467
304,Deepseek,Bare Llama8B,8,0.08737038969993594,0.2873703896999359,0.6252592206001282
305,Deepseek,Bare Llama8B,6,0.0,0.16254004836082458,0.8374599516391754
306,Deepseek,Bare Llama8B,4,0.0,0.0076954662799835205,0.9923045337200165
307,Deepseek,Bare Llama8B,6,0.002348342537879966,0.20234834253787992,0.7953033149242401
308,Deepseek,Bare Llama8B,3,0.10613506436347964,0.40613506436347957,0.4877298712730408
309,Deepseek,Bare Llama8B,4,0.04174252748489382,0.24174252748489378,0.7165149450302124
310,Deepseek,Bare Llama8B,4,0.007906967401504539,0.2079069674015045,0.784186065196991
311,Deepseek,Bare Llama8B,3,0.09515866041183474,0.2951586604118347,0.6096826791763306
312,Deepseek,Bare Llama8B,4,0.042230167984962486,0.24223016798496244,0.7155396640300751
313,Deepseek,Bare Llama8B,5,0.0,0.0637320876121521,0.9362679123878479
314,Deepseek,Bare Llama8B,6,0.09829057157039645,0.2982905715703964,0.6034188568592072
315,Deepseek,Bare Llama8B,4,0.08630191683769228,0.28630191683769224,0.6273961663246155
316,Deepseek,Bare Llama8B,4,0.15048328936100008,0.7,0.14951671063899993
317,Deepseek,Bare Llama8B,4,0.09912523031234743,0.2991252303123474,0.6017495393753052
318,Deepseek,Bare Llama8B,9,0.02123372405767443,0.22123372405767439,0.7575325518846512
319,Deepseek,Bare Llama8B,4,0.01906056106090548,0.21906056106090543,0.7618788778781891
320,Deepseek,Bare Llama8B,5,0.0,0.07397639751434326,0.9260236024856567
321,Deepseek,Bare Llama8B,3,0.11245339512825014,0.4124533951282501,0.4750932097434998
322,Deepseek,Bare Llama8B,3,0.02688046693801882,0.22688046693801878,0.7462390661239624
323,Deepseek,Bare Llama8B,4,0.06946282982826235,0.2694628298282623,0.6610743403434753
324,Deepseek,Bare Llama8B,5,0.012566560506820701,0.21256656050682066,0.7748668789863586
325,Deepseek,Bare Llama8B,4,0.14873125553131106,0.7,0.15126874446868896
326,Deepseek,Bare Llama8B,5,0.01417132616043093,0.21417132616043089,0.7716573476791382
327,Deepseek,Bare Llama8B,5,0.0,0.03297296166419983,0.9670270383358002
328,Deepseek,Bare Llama8B,5,0.14080832302570345,0.7,0.15919167697429656
329,Deepseek,Bare Llama8B,5,0.0,0.12610745429992676,0.8738925457000732
330,Deepseek,Bare Llama8B,3,0.08925487995147707,0.28925487995147703,0.6214902400970459
331,Deepseek,Bare Llama8B,6,0.14766878783702853,0.7,0.1523312121629715
332,Deepseek,Bare Llama8B,9,0.08564751744270327,0.2856475174427032,0.6287049651145935
333,Deepseek,Bare Llama8B,5,0.10456281304359438,0.4045628130435943,0.4908743739128113
334,Deepseek,Bare Llama8B,3,0.0,0.1362217366695404,0.8637782633304596
335,Deepseek,Bare Llama8B,7,0.025333175063133262,0.22533317506313322,0.7493336498737335
336,Deepseek,Bare Llama8B,4,0.0,0.18106448650360107,0.8189355134963989
337,Deepseek,Bare Llama8B,4,0.9581790899392217,0.04182091006077826,0.0
338,Deepseek,Bare Llama8B,10,0.08155314028263094,0.2815531402826309,0.6368937194347382
339,Deepseek,Bare Llama8B,2,0.062387490272521995,0.26238749027252195,0.675225019454956
340,Deepseek,Bare Llama8B,3,0.10176370441913607,0.401763704419136,0.4964725911617279
341,Deepseek,Bare Llama8B,6,0.14562837183475497,0.7,0.15437162816524505
342,Deepseek,Bare Llama8B,8,0.13232805728912356,0.7,0.16767194271087646
343,Deepseek,Bare Llama8B,4,0.0,0.05709373950958252,0.9429062604904175
344,Deepseek,Bare Llama8B,5,0.008390927314758323,0.20839092731475828,0.7832181453704834
345,Deepseek,Bare Llama8B,2,0.13823015391826632,0.7,0.1617698460817337
346,Deepseek,Bare Llama8B,4,0.13621986806392672,0.7,0.1637801319360733
347,Deepseek,Bare Llama8B,3,0.0,0.14810842275619507,0.8518915772438049
348,Deepseek,Bare Llama8B,5,0.14449463188648226,0.7,0.15550536811351776
349,Deepseek,Bare Llama8B,4,0.037460127472877525,0.23746012747287748,0.725079745054245
350,Deepseek,Bare Llama8B,5,0.9844771167263389,0.015522883273661137,0.0
351,Deepseek,Bare Llama8B,4,0.07995013296604159,0.27995013296604154,0.6400997340679169
352,Deepseek,Bare Llama8B,4,0.129800820350647,0.7,0.17019917964935302
353,Deepseek,Bare Llama8B,5,0.14589829146862032,0.7,0.1541017085313797
354,Deepseek,Bare Llama8B,4,0.0,0.16539260745048523,0.8346073925495148
355,Deepseek,Bare Llama8B,4,0.0,0.01462465524673462,0.9853753447532654
356,Deepseek,Bare Llama8B,2,0.0,0.12693628668785095,0.873063713312149
357,Deepseek,Bare Llama8B,5,0.9541711546480656,0.04582884535193443,0.0
358,Deepseek,Bare Llama8B,4,0.10048685371875765,0.4004868537187576,0.49902629256248476
359,Deepseek,Bare Llama8B,3,0.1457704693078995,0.7,0.15422953069210052
360,Deepseek,Bare Llama8B,2,0.0,0.0035013556480407715,0.9964986443519592
361,Deepseek,Bare Llama8B,6,0.0,0.19318225979804993,0.8068177402019501
362,Deepseek,Bare Llama8B,5,0.10729437470436098,0.4072943747043609,0.4854112505912781
363,Deepseek,Bare Llama8B,6,0.010731430351734184,0.21073143035173414,0.7785371392965317
364,Deepseek,Bare Llama8B,7,0.0,0.014120906591415405,0.9858790934085846
365,Deepseek,Bare Llama8B,4,0.08621429800987246,0.2862142980098724,0.6275714039802551
366,Deepseek,Bare Llama8B,7,0.7132939249277115,0.24335303753614423,0.04335303753614425
367,Deepseek,Bare Llama8B,3,0.998403663514182,0.0015963364858180285,0.0
368,Deepseek,Bare Llama8B,4,0.14471406638622286,0.7,0.15528593361377716
369,Deepseek,Bare Llama8B,5,0.9630677942186594,0.0369322057813406,0.0
370,Deepseek,Bare Llama8B,2,0.1502337545156479,0.7,0.1497662454843521
371,Deepseek,Bare Llama8B,5,0.9862600807100534,0.013739919289946556,0.0
372,Deepseek,Bare Llama8B,5,0.10457211136817934,0.4045721113681793,0.4908557772636414
373,Deepseek,Bare Llama8B,5,0.0,0.17913106083869934,0.8208689391613007
374,Deepseek,Bare Llama8B,2,0.12234092652797701,0.42234092652797695,0.45531814694404604
375,Deepseek,Bare Llama8B,4,0.0,0.14801302552223206,0.8519869744777679
376,Deepseek,Bare Llama8B,4,0.10186160504817965,0.4018616050481796,0.49627678990364077
377,Deepseek,Bare Llama8B,2,0.0906024217605591,0.29060242176055906,0.6187951564788818
378,Deepseek,Bare Llama8B,4,0.0,0.028970807790756226,0.9710291922092438
379,Deepseek,Bare Llama8B,6,0.06302865743637087,0.2630286574363708,0.6739426851272583
380,Deepseek,Bare Llama8B,5,0.1475167363882065,0.7,0.1524832636117935
381,Deepseek,Bare Llama8B,2,0.15032201409339907,0.7,0.14967798590660095
382,Deepseek,Bare Llama8B,4,0.8186917698476464,0.18130823015235364,0.0
383,Deepseek,Bare Llama8B,3,0.0,0.03828266263008118,0.9617173373699188
384,Deepseek,Bare Llama8B,4,0.0,0.050296008586883545,0.9497039914131165
385,Deepseek,Bare Llama8B,4,0.12465056180953982,0.42465056180953975,0.45069887638092043
386,Deepseek,Bare Llama8B,5,0.0,0.09264771640300751,0.9073522835969925
387,Deepseek,Bare Llama8B,3,0.021622815728187583,0.22162281572818754,0.7567543685436249
388,Deepseek,Bare Llama8B,5,0.0,0.14900803565979004,0.85099196434021
389,Deepseek,Bare Llama8B,2,0.8030799888074398,0.1969200111925602,0.0
390,Deepseek,Bare Llama8B,11,0.0,0.013927251100540161,0.9860727488994598
391,Deepseek,Bare Llama8B,4,0.06874583065509798,0.26874583065509794,0.6625083386898041
392,Deepseek,Bare Llama8B,9,0.13502646386623385,0.7,0.16497353613376617
393,Deepseek,Bare Llama8B,5,0.0,0.023024648427963257,0.9769753515720367
394,Deepseek,Bare Llama8B,2,0.02844626605510714,0.2284462660551071,0.7431074678897858
395,Deepseek,Bare Llama8B,5,0.13123911023139956,0.7,0.16876088976860046
396,Deepseek,Bare Llama8B,8,0.11038077771663668,0.4103807777166366,0.4792384445667267
397,Deepseek,Bare Llama8B,2,0.0,0.11513179540634155,0.8848682045936584
398,Deepseek,Bare Llama8B,6,0.0,0.007430046796798706,0.9925699532032013
399,Deepseek,Bare Llama8B,5,0.1244447320699692,0.42444473206996913,0.45111053586006167
400,Deepseek,Bare Llama8B,3,0.1297957390546799,0.7,0.17020426094532012
401,Deepseek,Bare Llama8B,6,0.04386795461177828,0.24386795461177824,0.7122640907764435
402,Deepseek,Bare Llama8B,3,0.12491016983985903,0.42491016983985896,0.450179660320282
403,Deepseek,Bare Llama8B,5,0.04928494393825533,0.2492849439382553,0.7014301121234894
404,Deepseek,Bare Llama8B,4,0.0,0.15325474739074707,0.8467452526092529
405,Deepseek,Bare Llama8B,5,0.13897077143192293,0.7,0.16102922856807708
406,Deepseek,Bare Llama8B,6,0.9960399211850017,0.003960078814998269,0.0
407,Deepseek,Bare Llama8B,4,0.0,0.04336880147457123,0.9566311985254288
408,Deepseek,Bare Llama8B,5,0.06906124353408816,0.2690612435340881,0.6618775129318237
409,Deepseek,Bare Llama8B,5,0.0,0.0638306736946106,0.9361693263053894
410,Deepseek,Bare Llama8B,3,0.11314927935600283,0.41314927935600276,0.4737014412879944
411,Deepseek,Bare Llama8B,4,0.10873913168907168,0.4087391316890716,0.4825217366218567
412,Deepseek,Bare Llama8B,7,0.0,0.031088292598724365,0.9689117074012756
413,Deepseek,Bare Llama8B,5,0.1261917293071747,0.7,0.1738082706928253
414,Deepseek,Bare Llama8B,2,0.1474469840526581,0.7,0.1525530159473419
415,Deepseek,Bare Llama8B,6,0.02562745809555056,0.22562745809555051,0.7487450838088989
416,Deepseek,Bare Llama8B,5,0.0,0.005130112171173096,0.9948698878288269
417,Deepseek,Bare Llama8B,7,0.12946408390998843,0.7,0.1705359160900116
418,Deepseek,Bare Llama8B,6,0.14232330918312075,0.7,0.15767669081687927
419,Deepseek,Bare Llama8B,5,0.08416044116020205,0.284160441160202,0.631679117679596
420,Deepseek,Bare Llama8B,5,0.0,0.1699315905570984,0.8300684094429016
421,Deepseek,Bare Llama8B,3,0.8546228539198637,0.1453771460801363,0.0
422,Deepseek,Bare Llama8B,6,0.03133677840232851,0.23133677840232847,0.737326443195343
423,Deepseek,Bare Llama8B,5,0.14926556646823885,0.7,0.15073443353176116
424,Deepseek,Bare Llama8B,4,0.0,0.14365729689598083,0.8563427031040192
425,Deepseek,Bare Llama8B,5,0.66452859074343,0.267735704628285,0.06773570462828502
426,Deepseek,Bare Llama8B,6,0.10771124958992007,0.40771124958992,0.48457750082015993
427,Deepseek,Bare Llama8B,9,0.0,0.0669206976890564,0.9330793023109436
428,Deepseek,Bare Llama8B,6,0.06731232404708865,0.2673123240470886,0.6653753519058228
429,Deepseek,Bare Llama8B,9,0.0,0.11799615621566772,0.8820038437843323
430,Deepseek,Bare Llama8B,2,0.12542069852352145,0.7,0.17457930147647857
431,Deepseek,Bare Llama8B,2,0.0,0.015379995107650757,0.9846200048923492
432,Deepseek,Bare Llama8B,7,0.04302198588848116,0.24302198588848112,0.7139560282230377
433,Deepseek,Bare Llama8B,5,0.015580759942531608,0.21558075994253156,0.7688384801149368
434,Deepseek,Bare Llama8B,6,0.13813246190547945,0.7,0.16186753809452056
435,Deepseek,Bare Llama8B,6,0.142905467748642,0.7,0.15709453225135803
436,Deepseek,Bare Llama8B,5,0.8596386428689584,0.1403613571310416,0.0
437,Deepseek,Bare Llama8B,6,0.15106829404830935,0.7,0.14893170595169067
438,Deepseek,Bare Llama8B,4,0.11598121523857119,0.4159812152385711,0.4680375695228577
439,Deepseek,Bare Llama8B,4,0.028976359963417075,0.22897635996341703,0.7420472800731659
440,Deepseek,Bare Llama8B,4,0.0,0.05451914668083191,0.9454808533191681
441,Deepseek,Bare Llama8B,4,0.0,0.13583976030349731,0.8641602396965027
442,Deepseek,Bare Llama8B,4,0.05717935562133791,0.25717935562133787,0.6856412887573242
443,Deepseek,Bare Llama8B,3,0.0,0.083526611328125,0.916473388671875
444,Deepseek,Bare Llama8B,2,0.12966700792312624,0.7,0.17033299207687377
445,Deepseek,Bare Llama8B,9,0.01899170279502871,0.21899170279502866,0.7620165944099426
446,Deepseek,Bare Llama8B,2,0.15007887184619906,0.7,0.14992112815380096
447,Deepseek,Bare Llama8B,5,0.03906891644001009,0.23906891644001005,0.7218621671199799
448,Deepseek,Bare Llama8B,2,0.9941858954261988,0.00581410457380116,0.0
449,Deepseek,Bare Llama8B,4,0.10524130761623385,0.4052413076162338,0.48951738476753237
450,Deepseek,Bare Llama8B,5,0.015653038024902366,0.21565303802490232,0.7686939239501953
451,Deepseek,Bare Llama8B,6,0.9981385968567338,0.001861403143266216,0.0
452,Deepseek,Bare Llama8B,6,0.0,0.15305987000465393,0.8469401299953461
453,Deepseek,Bare Llama8B,5,0.14081920087337496,0.7,0.15918079912662506
454,Deepseek,Bare Llama8B,3,0.0,0.016548961400985718,0.9834510385990143
455,Deepseek,Bare Llama8B,3,0.15207345187664034,0.7,0.14792654812335967
456,Deepseek,Bare Llama8B,3,0.0,0.19383051991462708,0.8061694800853729
457,Deepseek,Bare Llama8B,2,0.010246866941452049,0.210246866941452,0.779506266117096
458,Deepseek,Bare Llama8B,8,0.0,0.016526609659194946,0.983473390340805
459,Deepseek,Bare Llama8B,3,0.0,0.08354169130325317,0.9164583086967468
460,Deepseek,Bare Llama8B,6,0.10192536711692812,0.40192536711692806,0.4961492657661438
461,Deepseek,Bare Llama8B,3,0.0536097973585129,0.25360979735851286,0.6927804052829742
462,Deepseek,Bare Llama8B,2,0.0,0.042996734380722046,0.957003265619278
463,Deepseek,Bare Llama8B,4,0.0,0.1392221748828888,0.8607778251171112
464,Deepseek,Bare Llama8B,6,0.9918916271999478,0.008108372800052166,0.0
465,Deepseek,Bare Llama8B,4,0.023814284801483177,0.22381428480148313,0.7523714303970337
466,Deepseek,Bare Llama8B,2,0.08272693455219271,0.28272693455219267,0.6345461308956146
467,Deepseek,Bare Llama8B,4,0.03290850818157198,0.23290850818157194,0.7341829836368561
468,Deepseek,Bare Llama8B,3,0.6179327769204974,0.29103361153975127,0.09103361153975129
469,Deepseek,Bare Llama8B,3,0.1512607127428055,0.7,0.1487392872571945
470,Deepseek,Bare Llama8B,5,0.026450479030609153,0.2264504790306091,0.7470990419387817
471,Deepseek,Bare Llama8B,11,0.10487070083618166,0.4048707008361816,0.49025859832763674
472,Deepseek,Bare Llama8B,9,0.01757767200469973,0.21757767200469968,0.7648446559906006
473,Deepseek,Bare Llama8B,5,0.15011061131954195,0.7,0.14988938868045806
474,Deepseek,Bare Llama8B,5,0.042063289880752586,0.24206328988075254,0.7158734202384949
475,Deepseek,Bare Llama8B,5,0.0,0.023361563682556152,0.9766384363174438
476,Deepseek,Bare Llama8B,3,0.0,0.14979678392410278,0.8502032160758972
477,Deepseek,Bare Llama8B,4,0.12878615558147433,0.7,0.1712138444185257
478,Deepseek,Bare Llama8B,4,0.07034129798412325,0.2703412979841232,0.6593174040317535
479,Deepseek,Bare Llama8B,3,0.14837957322597506,0.7,0.15162042677402496
480,Deepseek,Bare Llama8B,2,0.028730818629264854,0.2287308186292648,0.7425383627414703
481,Deepseek,Bare Llama8B,4,0.10494136214256289,0.4049413621425628,0.4901172757148743
482,Deepseek,Bare Llama8B,3,0.05628530085086825,0.2562853008508682,0.6874293982982635
483,Deepseek,Bare Llama8B,6,0.0021229177713394387,0.2021229177713394,0.7957541644573212
484,Deepseek,Bare Llama8B,3,0.14985480308532717,0.7,0.15014519691467285
485,Deepseek,Bare Llama8B,4,0.12065655887126925,0.4206565588712692,0.45868688225746157
486,Deepseek,Bare Llama8B,8,0.15094377994537356,0.7,0.14905622005462646
487,Deepseek,Bare Llama8B,2,0.0857685297727585,0.28576852977275846,0.628462940454483
488,Deepseek,Bare Llama8B,8,0.0,0.14586588740348816,0.8541341125965118
489,Deepseek,Bare Llama8B,5,0.0,0.035805195569992065,0.9641948044300079
490,Deepseek,Bare Llama8B,7,0.0761131286621094,0.27611312866210935,0.6477737426757812
491,Deepseek,Bare Llama8B,2,0.1499232739210129,0.7,0.15007672607898712
492,Deepseek,Bare Llama8B,3,0.14182042479515078,0.7,0.15817957520484924
493,Deepseek,Bare Llama8B,5,0.0829534024000168,0.28295340240001676,0.6340931951999664
494,Deepseek,Bare Llama8B,2,0.14357897043228152,0.7,0.1564210295677185
495,Deepseek,Bare Llama8B,5,0.12373040020465853,0.42373040020465846,0.452539199590683
496,Deepseek,Bare Llama8B,5,0.0,0.06794670224189758,0.9320532977581024
497,Deepseek,Bare Llama8B,4,0.1481612712144852,0.7,0.15183872878551483
498,Deepseek,Bare Llama8B,6,0.12016371786594393,0.42016371786594386,0.4596725642681122
499,Deepseek,Bare Llama8B,4,0.12723494470119479,0.7,0.17276505529880523
500,Deepseek,Bare Llama8B,4,0.10534275472164156,0.4053427547216415,0.48931449055671694
501,Deepseek,Bare Llama8B,4,0.011155241727829002,0.21115524172782896,0.777689516544342
502,Deepseek,Bare Llama8B,3,0.14575078487396242,0.7,0.1542492151260376
503,Deepseek,Bare Llama8B,3,0.0,0.07944232225418091,0.9205576777458191
504,Deepseek,Bare Llama8B,2,0.09642978906631472,0.2964297890663147,0.6071404218673706
505,Deepseek,Bare Llama8B,4,0.0,0.023017406463623047,0.976982593536377
506,Deepseek,Bare Llama8B,2,0.031569311022758506,0.23156931102275846,0.736861377954483
507,Deepseek,Bare Llama8B,7,0.0,0.09100639820098877,0.9089936017990112
508,Deepseek,Bare Llama8B,4,0.0,0.04016321897506714,0.9598367810249329
509,Deepseek,Bare Llama8B,5,0.13626247048377993,0.7,0.1637375295162201
510,Deepseek,Bare Llama8B,3,0.023589381575584434,0.2235893815755844,0.7528212368488312
511,Deepseek,Bare Llama8B,6,0.14312618374824526,0.7,0.15687381625175476
512,Deepseek,Bare Llama8B,10,0.13928372561931612,0.7,0.1607162743806839
513,Deepseek,Bare Llama8B,4,0.13811940848827364,0.7,0.16188059151172637
514,Deepseek,Bare Llama8B,2,0.0,0.07173258066177368,0.9282674193382263
515,Deepseek,Bare Llama8B,5,0.07534260451793673,0.2753426045179367,0.6493147909641266
516,Deepseek,Bare Llama8B,9,0.07777912318706515,0.2777791231870651,0.6444417536258698
517,Deepseek,Bare Llama8B,6,0.14987260997295382,0.7,0.1501273900270462
518,Deepseek,Bare Llama8B,3,0.0,0.16308963298797607,0.8369103670120239
