chain_id,model,method,num_emails,sentiment_neg,sentiment_neu,sentiment_pos
0,Mistral,Attr Prompting,8,0.0,0.10810494422912598,0.891895055770874
1,Mistral,Attr Prompting,5,0.0,0.07287070155143738,0.9271292984485626
2,Mistral,Attr Prompting,6,0.14846820533275606,0.7,0.15153179466724395
3,Mistral,Attr Prompting,4,0.14666890501976015,0.7,0.15333109498023986
4,Mistral,Attr Prompting,9,0.0,0.19777370989322662,0.8022262901067734
5,Mistral,Attr Prompting,10,0.08338175117969515,0.2833817511796951,0.6332364976406097
6,Mistral,Attr Prompting,7,0.04367035031318667,0.24367035031318662,0.7126592993736267
7,Mistral,Attr Prompting,5,0.0,0.05738711357116699,0.942612886428833
8,Mistral,Attr Prompting,6,0.031230831146240257,0.2312308311462402,0.7375383377075195
9,Mistral,Attr Prompting,8,0.0,0.037013083696365356,0.9629869163036346
10,Mistral,Attr Prompting,8,0.0,0.013567060232162476,0.9864329397678375
11,Mistral,Attr Prompting,7,0.06909353435039522,0.2690935343503952,0.6618129312992096
12,Mistral,Attr Prompting,10,0.0,0.10950803756713867,0.8904919624328613
13,Mistral,Attr Prompting,3,0.12374778985977175,0.4237477898597717,0.45250442028045657
14,Mistral,Attr Prompting,8,0.0,0.004844099283218384,0.9951559007167816
15,Mistral,Attr Prompting,8,0.07335280776023867,0.2733528077602386,0.6532943844795227
16,Mistral,Attr Prompting,5,0.11412624418735506,0.414126244187355,0.47174751162528994
17,Mistral,Attr Prompting,10,0.07474712431430819,0.27474712431430814,0.6505057513713837
18,Mistral,Attr Prompting,6,0.0,0.1837327778339386,0.8162672221660614
19,Mistral,Attr Prompting,8,0.0,0.08057242631912231,0.9194275736808777
20,Mistral,Attr Prompting,6,0.09468013942241671,0.29468013942241666,0.6106397211551666
21,Mistral,Attr Prompting,10,0.03755267858505251,0.23755267858505247,0.724894642829895
22,Mistral,Attr Prompting,9,0.0,0.008941024541854858,0.9910589754581451
23,Mistral,Attr Prompting,9,0.0,0.08430454134941101,0.915695458650589
24,Mistral,Attr Prompting,6,0.0,0.06145834922790527,0.9385416507720947
25,Mistral,Attr Prompting,7,0.0,0.05357721447944641,0.9464227855205536
26,Mistral,Attr Prompting,5,0.021693968772888206,0.22169396877288816,0.7566120624542236
27,Mistral,Attr Prompting,9,0.0,0.004585713148117065,0.9954142868518829
28,Mistral,Attr Prompting,8,0.0,0.03822129964828491,0.9617787003517151
29,Mistral,Attr Prompting,3,0.0,0.1480621099472046,0.8519378900527954
30,Mistral,Attr Prompting,4,0.0,0.010403066873550415,0.9895969331264496
31,Mistral,Attr Prompting,7,0.0,0.021390557289123535,0.9786094427108765
32,Mistral,Attr Prompting,5,0.057012954354286216,0.25701295435428617,0.6859740912914276
33,Mistral,Attr Prompting,8,0.12710718214511874,0.7,0.17289281785488128
34,Mistral,Attr Prompting,6,0.0,0.025172531604766846,0.9748274683952332
35,Mistral,Attr Prompting,9,0.0,0.11515966057777405,0.884840339422226
36,Mistral,Attr Prompting,8,0.0,0.07079809904098511,0.9292019009590149
37,Mistral,Attr Prompting,3,0.13619633913040163,0.7,0.16380366086959838
38,Mistral,Attr Prompting,9,0.0,0.10897967219352722,0.8910203278064728
39,Mistral,Attr Prompting,4,0.025551655888557456,0.2255516558885574,0.7488966882228851
40,Mistral,Attr Prompting,6,0.08583390116691592,0.28583390116691587,0.6283321976661682
41,Mistral,Attr Prompting,10,0.7441224018111825,0.22793879909440873,0.027938799094408745
42,Mistral,Attr Prompting,7,0.09778759777545931,0.29778759777545927,0.6044248044490814
43,Mistral,Attr Prompting,7,0.021464088559150718,0.22146408855915067,0.7570718228816986
44,Mistral,Attr Prompting,10,0.0,0.09046542644500732,0.9095345735549927
45,Mistral,Attr Prompting,7,0.0551257520914078,0.25512575209140775,0.6897484958171844
46,Mistral,Attr Prompting,6,0.13654866218566897,0.7,0.16345133781433105
47,Mistral,Attr Prompting,9,0.0,0.017661988735198975,0.982338011264801
48,Mistral,Attr Prompting,8,0.15101432204246523,0.7,0.14898567795753478
49,Mistral,Attr Prompting,5,0.0,0.02768513560295105,0.972314864397049
50,Mistral,Attr Prompting,5,0.0,0.0722411572933197,0.9277588427066803
51,Mistral,Attr Prompting,6,0.0,0.021285176277160645,0.9787148237228394
52,Mistral,Attr Prompting,10,0.0,0.046314775943756104,0.9536852240562439
53,Mistral,Attr Prompting,6,0.005630099773407005,0.20563009977340696,0.788739800453186
54,Mistral,Attr Prompting,8,0.0,0.07376155257225037,0.9262384474277496
55,Mistral,Attr Prompting,4,0.1344755381345749,0.7,0.1655244618654251
56,Mistral,Attr Prompting,9,0.062281304597854636,0.2622813045978546,0.6754373908042908
57,Mistral,Attr Prompting,7,0.0,0.06862756609916687,0.9313724339008331
58,Mistral,Attr Prompting,6,0.0,0.15944549441337585,0.8405545055866241
59,Mistral,Attr Prompting,8,0.07074601352214815,0.2707460135221481,0.6585079729557037
60,Mistral,Attr Prompting,3,0.0,0.01291036605834961,0.9870896339416504
61,Mistral,Attr Prompting,4,0.06539812088012698,0.26539812088012693,0.6692037582397461
62,Mistral,Attr Prompting,5,0.0,0.10426515340805054,0.8957348465919495
63,Mistral,Attr Prompting,8,0.11157753467559817,0.4115775346755981,0.47684493064880373
64,Mistral,Attr Prompting,8,0.0,0.05098477005958557,0.9490152299404144
65,Mistral,Attr Prompting,9,0.0,0.01608586311340332,0.9839141368865967
66,Mistral,Attr Prompting,6,0.0,0.04768607020378113,0.9523139297962189
67,Mistral,Attr Prompting,10,0.04923533797264101,0.24923533797264097,0.701529324054718
68,Mistral,Attr Prompting,8,0.0,0.04359173774719238,0.9564082622528076
69,Mistral,Attr Prompting,8,0.0,0.1341136395931244,0.8658863604068756
70,Mistral,Attr Prompting,10,0.0020683348178863747,0.20206833481788633,0.7958633303642273
71,Mistral,Attr Prompting,8,0.0,0.1377473771572113,0.8622526228427887
72,Mistral,Attr Prompting,7,0.0,0.11979824304580688,0.8802017569541931
73,Mistral,Attr Prompting,7,0.0967761963605881,0.29677619636058805,0.6064476072788239
74,Mistral,Attr Prompting,4,0.0,0.04379495978355408,0.9562050402164459
75,Mistral,Attr Prompting,7,0.0956228017807007,0.29562280178070066,0.6087543964385986
76,Mistral,Attr Prompting,7,0.03607539236545565,0.2360753923654556,0.7278492152690887
77,Mistral,Attr Prompting,4,0.04621753990650179,0.24621753990650175,0.7075649201869965
78,Mistral,Attr Prompting,6,0.09162771105766299,0.29162771105766294,0.6167445778846741
79,Mistral,Attr Prompting,6,0.0,0.15026137232780457,0.8497386276721954
80,Mistral,Attr Prompting,9,0.022594386339187644,0.2225943863391876,0.7548112273216248
81,Mistral,Attr Prompting,7,0.024390751123428367,0.22439075112342832,0.7512184977531433
82,Mistral,Attr Prompting,5,0.0,0.13675889372825623,0.8632411062717438
83,Mistral,Attr Prompting,5,0.0,0.10176202654838562,0.8982379734516144
84,Mistral,Attr Prompting,5,0.0,0.01571473479270935,0.9842852652072906
85,Mistral,Attr Prompting,6,0.12674125432968142,0.7,0.1732587456703186
86,Mistral,Attr Prompting,7,0.0,0.14934328198432922,0.8506567180156708
87,Mistral,Attr Prompting,5,0.03425491750240328,0.23425491750240324,0.7314901649951935
88,Mistral,Attr Prompting,5,0.15026001036167147,0.7,0.14973998963832855
89,Mistral,Attr Prompting,3,0.11720634400844576,0.4172063440084457,0.46558731198310854
90,Mistral,Attr Prompting,10,0.0,0.1278093457221985,0.8721906542778015
91,Mistral,Attr Prompting,6,0.10276769995689394,0.4027676999568939,0.4944646000862122
92,Mistral,Attr Prompting,3,0.03378472626209261,0.23378472626209257,0.7324305474758148
93,Mistral,Attr Prompting,6,0.0,0.19330239295959473,0.8066976070404053
94,Mistral,Attr Prompting,7,0.06882212460041048,0.26882212460041044,0.6623557507991791
95,Mistral,Attr Prompting,9,0.0,0.16498947143554688,0.8350105285644531
96,Mistral,Attr Prompting,6,0.0011389642953872903,0.20113896429538725,0.7977220714092255
97,Mistral,Attr Prompting,9,0.0,0.03143864870071411,0.9685613512992859
98,Mistral,Attr Prompting,7,0.0,0.19919738173484802,0.800802618265152
99,Mistral,Attr Prompting,8,0.0,0.12237367033958435,0.8776263296604156
100,Mistral,Attr Prompting,5,0.14841424822807314,0.7,0.15158575177192687
101,Mistral,Attr Prompting,7,0.0,0.050591498613357544,0.9494085013866425
102,Mistral,Attr Prompting,5,0.0,0.05639505386352539,0.9436049461364746
103,Mistral,Attr Prompting,9,0.028398001194000266,0.22839800119400022,0.7432039976119995
104,Mistral,Attr Prompting,3,0.0,0.16620928049087524,0.8337907195091248
105,Mistral,Attr Prompting,4,0.0,0.1892605423927307,0.8107394576072693
106,Mistral,Attr Prompting,8,0.0,0.011927902698516846,0.9880720973014832
107,Mistral,Attr Prompting,8,0.0,0.14311644434928894,0.8568835556507111
108,Mistral,Attr Prompting,10,0.08714964389801028,0.28714964389801023,0.6257007122039795
109,Mistral,Attr Prompting,9,0.0,0.036926984786987305,0.9630730152130127
110,Mistral,Attr Prompting,3,0.0,0.07102039456367493,0.9289796054363251
111,Mistral,Attr Prompting,7,0.0,0.10129466652870178,0.8987053334712982
112,Mistral,Attr Prompting,7,0.0,0.051627159118652344,0.9483728408813477
113,Mistral,Attr Prompting,3,0.02415266036987307,0.22415266036987302,0.7516946792602539
114,Mistral,Attr Prompting,10,0.0,0.005144059658050537,0.9948559403419495
115,Mistral,Attr Prompting,8,0.11761432290077212,0.41761432290077205,0.46477135419845583
116,Mistral,Attr Prompting,8,0.137047553062439,0.7,0.16295244693756103
117,Mistral,Attr Prompting,9,0.0035155057907104714,0.20351550579071043,0.7929689884185791
118,Mistral,Attr Prompting,9,0.0,0.004607886075973511,0.9953921139240265
119,Mistral,Attr Prompting,9,0.011644104123115562,0.21164410412311552,0.7767117917537689
120,Mistral,Attr Prompting,7,0.0,0.1320929229259491,0.8679070770740509
121,Mistral,Attr Prompting,7,0.0,0.08686336874961853,0.9131366312503815
122,Mistral,Attr Prompting,8,0.0,0.02215704321861267,0.9778429567813873
123,Mistral,Attr Prompting,8,0.1393361032009125,0.7,0.16066389679908752
124,Mistral,Attr Prompting,7,0.0,0.07856866717338562,0.9214313328266144
125,Mistral,Attr Prompting,7,0.12588692605495455,0.7,0.17411307394504547
126,Mistral,Attr Prompting,4,0.0,0.16944211721420288,0.8305578827857971
127,Mistral,Attr Prompting,8,0.0,0.19840610027313232,0.8015938997268677
128,Mistral,Attr Prompting,7,0.0,0.06444436311721802,0.935555636882782
129,Mistral,Attr Prompting,4,0.00699136555194857,0.20699136555194853,0.7860172688961029
130,Mistral,Attr Prompting,9,0.0,0.04148760437965393,0.9585123956203461
131,Mistral,Attr Prompting,5,0.11781715750694277,0.4178171575069427,0.4643656849861145
132,Mistral,Attr Prompting,9,0.0,0.049309104681015015,0.950690895318985
133,Mistral,Attr Prompting,5,0.1358830124139786,0.7,0.16411698758602142
134,Mistral,Attr Prompting,5,0.0,0.013507336378097534,0.9864926636219025
135,Mistral,Attr Prompting,10,0.06803483664989474,0.2680348366498947,0.6639303267002106
136,Mistral,Attr Prompting,6,0.0,0.026792675256729126,0.9732073247432709
137,Mistral,Attr Prompting,10,0.0,0.09664183855056763,0.9033581614494324
138,Mistral,Attr Prompting,8,0.0003620922565460427,0.200362092256546,0.799275815486908
139,Mistral,Attr Prompting,4,0.041877233982086204,0.24187723398208616,0.7162455320358276
140,Mistral,Attr Prompting,7,0.13203042149543764,0.7,0.16796957850456237
141,Mistral,Attr Prompting,5,0.03332064449787142,0.23332064449787138,0.7333587110042572
142,Mistral,Attr Prompting,10,0.0,0.09485521912574768,0.9051447808742523
143,Mistral,Attr Prompting,3,0.10919619500637057,0.4091961950063705,0.48160760998725893
144,Mistral,Attr Prompting,8,0.05930829942226412,0.2593082994222641,0.6813834011554718
145,Mistral,Attr Prompting,4,0.0,0.16536709666252136,0.8346329033374786
146,Mistral,Attr Prompting,10,0.0,0.11669155955314636,0.8833084404468536
147,Mistral,Attr Prompting,7,0.09019506871700289,0.29019506871700285,0.6196098625659943
148,Mistral,Attr Prompting,9,0.0,0.0903790295124054,0.9096209704875946
149,Mistral,Attr Prompting,5,0.14572028219699862,0.7,0.1542797178030014
150,Mistral,Attr Prompting,6,0.0,0.05527174472808838,0.9447282552719116
151,Mistral,Attr Prompting,9,0.0,0.03675723075866699,0.963242769241333
152,Mistral,Attr Prompting,3,0.0,0.0658094584941864,0.9341905415058136
153,Mistral,Attr Prompting,5,0.11530839800834658,0.4153083980083465,0.4693832039833069
154,Mistral,Attr Prompting,6,0.0,0.17760905623435974,0.8223909437656403
155,Mistral,Attr Prompting,10,0.0,0.033103346824645996,0.966896653175354
156,Mistral,Attr Prompting,5,0.0,0.03685691952705383,0.9631430804729462
157,Mistral,Attr Prompting,8,0.0,0.018161892890930176,0.9818381071090698
158,Mistral,Attr Prompting,4,0.0,0.12513190507888794,0.8748680949211121
159,Mistral,Attr Prompting,8,0.0,0.0331864058971405,0.9668135941028595
160,Mistral,Attr Prompting,7,0.14797362089157107,0.7,0.15202637910842895
161,Mistral,Attr Prompting,10,0.0,0.03114217519760132,0.9688578248023987
162,Mistral,Attr Prompting,4,0.0,0.005443692207336426,0.9945563077926636
163,Mistral,Attr Prompting,6,0.1386276721954346,0.7,0.16137232780456542
164,Mistral,Attr Prompting,5,0.0,0.09160920977592468,0.9083907902240753
165,Mistral,Attr Prompting,8,0.0,0.1448238492012024,0.8551761507987976
166,Mistral,Attr Prompting,3,0.14048595130443575,0.7,0.15951404869556426
167,Mistral,Attr Prompting,6,0.0,0.02897655963897705,0.971023440361023
168,Mistral,Attr Prompting,4,0.09367563724517824,0.2936756372451782,0.6126487255096436
169,Mistral,Attr Prompting,3,0.0,0.1500716507434845,0.8499283492565155
170,Mistral,Attr Prompting,3,0.13766668140888216,0.7,0.16233331859111785
171,Mistral,Attr Prompting,10,0.0,0.02918243408203125,0.9708175659179688
172,Mistral,Attr Prompting,4,0.14134632945060732,0.7,0.1586536705493927
173,Mistral,Attr Prompting,9,0.0,0.08316648006439209,0.9168335199356079
174,Mistral,Attr Prompting,4,0.0,0.030260205268859863,0.9697397947311401
175,Mistral,Attr Prompting,7,0.0,0.14687126874923706,0.8531287312507629
176,Mistral,Attr Prompting,5,0.06950261592864992,0.2695026159286499,0.6609947681427002
177,Mistral,Attr Prompting,7,0.03666740059852602,0.23666740059852598,0.726665198802948
178,Mistral,Attr Prompting,8,0.0,0.05588832497596741,0.9441116750240326
179,Mistral,Attr Prompting,4,0.0,0.06354057788848877,0.9364594221115112
180,Mistral,Attr Prompting,3,0.14780321121215823,0.7,0.1521967887878418
181,Mistral,Attr Prompting,7,0.0,0.04223373532295227,0.9577662646770477
182,Mistral,Attr Prompting,4,0.980149770155549,0.01985022984445095,0.0
183,Mistral,Attr Prompting,5,0.1474469840526581,0.7,0.1525530159473419
184,Mistral,Attr Prompting,5,0.0,0.05010387301445007,0.9498961269855499
185,Mistral,Attr Prompting,9,0.07923344112932684,0.2792334411293268,0.6415331177413464
186,Mistral,Attr Prompting,10,0.07540675401687624,0.2754067540168762,0.6491864919662476
187,Mistral,Attr Prompting,9,0.07530986666679385,0.2753098666667938,0.6493802666664124
188,Mistral,Attr Prompting,9,0.0,0.11145135760307312,0.8885486423969269
189,Mistral,Attr Prompting,5,0.08052086234092715,0.2805208623409271,0.6389582753181458
190,Mistral,Attr Prompting,10,0.0,0.03658890724182129,0.9634110927581787
191,Mistral,Attr Prompting,9,0.12515979409217837,0.7,0.17484020590782165
192,Mistral,Attr Prompting,5,0.11931155025959017,0.4193115502595901,0.4613768994808197
193,Mistral,Attr Prompting,9,0.0,0.002861708402633667,0.9971382915973663
194,Mistral,Attr Prompting,4,0.12457905113697054,0.4245790511369705,0.450841897726059
195,Mistral,Attr Prompting,9,0.0,0.009871423244476318,0.9901285767555237
196,Mistral,Attr Prompting,7,0.0,0.16711726784706116,0.8328827321529388
197,Mistral,Attr Prompting,7,0.13864114284515383,0.7,0.16135885715484619
198,Mistral,Attr Prompting,5,0.0,0.06284958124160767,0.9371504187583923
199,Mistral,Attr Prompting,4,0.0,0.01050657033920288,0.9894934296607971
200,Mistral,Attr Prompting,9,0.038067067367956064,0.23806706736795602,0.7238658652640879
201,Mistral,Attr Prompting,7,0.13467771708965304,0.7,0.16532228291034698
202,Mistral,Attr Prompting,5,0.0,0.03335052728652954,0.9666494727134705
203,Mistral,Attr Prompting,10,0.0,0.06907369196414948,0.9309263080358505
204,Mistral,Attr Prompting,5,0.0,0.09046173095703125,0.9095382690429688
205,Mistral,Attr Prompting,11,0.10925118029117586,0.4092511802911758,0.48149763941764834
206,Mistral,Attr Prompting,5,0.009733507037162803,0.20973350703716276,0.7805329859256744
207,Mistral,Attr Prompting,10,0.0,0.02742213010787964,0.9725778698921204
208,Mistral,Attr Prompting,6,0.0,0.16243737936019897,0.837562620639801
209,Mistral,Attr Prompting,3,0.059720182418823264,0.2597201824188232,0.6805596351623535
210,Mistral,Attr Prompting,6,0.002341592311859153,0.2023415923118591,0.7953168153762817
211,Mistral,Attr Prompting,4,0.15050438940525057,0.7,0.14949561059474945
212,Mistral,Attr Prompting,4,0.14547317624092104,0.7,0.15452682375907897
213,Mistral,Attr Prompting,8,0.12092951834201815,0.4209295183420181,0.45814096331596377
214,Mistral,Attr Prompting,6,0.05019491314888003,0.25019491314888,0.69961017370224
215,Mistral,Attr Prompting,7,0.025259444117546104,0.22525944411754606,0.7494811117649078
216,Mistral,Attr Prompting,4,0.0,0.04017895460128784,0.9598210453987122
217,Mistral,Attr Prompting,7,0.04419212937355044,0.2441921293735504,0.7116157412528992
218,Mistral,Attr Prompting,5,0.12833409905433657,0.7,0.17166590094566345
219,Mistral,Attr Prompting,9,0.09846183061599734,0.2984618306159973,0.6030763387680054
220,Mistral,Attr Prompting,5,0.13385597765445711,0.7,0.1661440223455429
221,Mistral,Attr Prompting,6,0.0,0.08963775634765625,0.9103622436523438
222,Mistral,Attr Prompting,10,0.0,0.04653961956501007,0.9534603804349899
223,Mistral,Attr Prompting,6,0.0,0.04026097059249878,0.9597390294075012
224,Mistral,Attr Prompting,7,0.14131335318088534,0.7,0.15868664681911468
225,Mistral,Attr Prompting,5,0.0,0.04365602135658264,0.9563439786434174
226,Mistral,Attr Prompting,3,0.0,0.025962114334106445,0.9740378856658936
227,Mistral,Attr Prompting,6,0.0,0.19842904806137085,0.8015709519386292
228,Mistral,Attr Prompting,5,0.11127127110958102,0.41127127110958095,0.47745745778083803
229,Mistral,Attr Prompting,9,0.0,0.1574385166168213,0.8425614833831787
230,Mistral,Attr Prompting,9,0.10280422270298006,0.40280422270298,0.49439155459403994
231,Mistral,Attr Prompting,9,0.00476784408092501,0.20476784408092497,0.79046431183815
232,Mistral,Attr Prompting,8,0.0,0.02517804503440857,0.9748219549655914
233,Mistral,Attr Prompting,3,0.0,0.10158723592758179,0.8984127640724182
234,Mistral,Attr Prompting,8,0.0,0.01705390214920044,0.9829460978507996
235,Mistral,Attr Prompting,7,0.0,0.09076902270317078,0.9092309772968292
236,Mistral,Attr Prompting,6,0.04354112744331362,0.24354112744331358,0.7129177451133728
237,Mistral,Attr Prompting,10,0.0,0.0964815765619278,0.9035184234380722
238,Mistral,Attr Prompting,10,0.0,0.03751692175865173,0.9624830782413483
239,Mistral,Attr Prompting,9,0.0,0.03890863060951233,0.9610913693904877
240,Mistral,Attr Prompting,6,0.06414202749729159,0.26414202749729154,0.6717159450054169
241,Mistral,Attr Prompting,7,0.06969506442546847,0.2696950644254684,0.6606098711490631
242,Mistral,Attr Prompting,5,0.1255474776029587,0.7,0.17445252239704132
243,Mistral,Attr Prompting,3,0.04203281700611117,0.24203281700611112,0.7159343659877777
244,Mistral,Attr Prompting,8,0.14965570867061617,0.7,0.15034429132938384
245,Mistral,Attr Prompting,4,0.07339180409908297,0.2733918040990829,0.6532163918018341
246,Mistral,Attr Prompting,8,0.018241131305694602,0.21824113130569456,0.7635177373886108
247,Mistral,Attr Prompting,8,0.0,0.16232508420944214,0.8376749157905579
248,Mistral,Attr Prompting,9,0.12918745875358584,0.7,0.17081254124641418
249,Mistral,Attr Prompting,7,0.0,0.14373764395713806,0.8562623560428619
250,Mistral,Attr Prompting,6,0.10117282867431643,0.40117282867431636,0.4976543426513672
251,Mistral,Attr Prompting,4,0.05143425762653353,0.2514342576265335,0.697131484746933
252,Mistral,Attr Prompting,4,0.0,0.05701383948326111,0.9429861605167389
253,Mistral,Attr Prompting,9,0.08886987864971163,0.2888698786497116,0.6222602427005768
254,Mistral,Attr Prompting,4,0.14797178804874422,0.7,0.1520282119512558
255,Mistral,Attr Prompting,3,0.0,0.0808447003364563,0.9191552996635437
256,Mistral,Attr Prompting,10,0.0,0.007825285196304321,0.9921747148036957
257,Mistral,Attr Prompting,8,0.0,0.04886731505393982,0.9511326849460602
258,Mistral,Attr Prompting,10,0.09699117541313174,0.2969911754131317,0.6060176491737366
259,Mistral,Attr Prompting,6,0.14868242442607882,0.7,0.1513175755739212
260,Mistral,Attr Prompting,4,0.1507494240999222,0.7,0.14925057590007781
261,Mistral,Attr Prompting,6,0.0,0.03986799716949463,0.9601320028305054
262,Mistral,Attr Prompting,7,0.0,0.008057266473770142,0.9919427335262299
263,Mistral,Attr Prompting,6,0.1287203669548035,0.7,0.17127963304519653
264,Mistral,Attr Prompting,9,0.0,0.03358355164527893,0.9664164483547211
265,Mistral,Attr Prompting,4,0.0,0.04114678502082825,0.9588532149791718
266,Mistral,Attr Prompting,6,0.0,0.13081130385398865,0.8691886961460114
267,Mistral,Attr Prompting,10,0.0,0.06282681226730347,0.9371731877326965
268,Mistral,Attr Prompting,6,0.0,0.06499746441841125,0.9350025355815887
269,Mistral,Attr Prompting,6,0.13156829178333285,0.7,0.16843170821666717
270,Mistral,Attr Prompting,3,0.08305748701095583,0.2830574870109558,0.6338850259780884
271,Mistral,Attr Prompting,7,0.07483833432197573,0.2748383343219757,0.6503233313560486
272,Mistral,Attr Prompting,9,0.009711527824401878,0.20971152782440183,0.7805769443511963
273,Mistral,Attr Prompting,6,0.0,0.13825520873069763,0.8617447912693024
274,Mistral,Attr Prompting,4,0.10680741965770724,0.40680741965770717,0.4863851606845856
275,Mistral,Attr Prompting,5,0.0,0.13618400692939758,0.8638159930706024
276,Mistral,Attr Prompting,10,0.01859896779060366,0.21859896779060362,0.7628020644187927
277,Mistral,Attr Prompting,5,0.13577105998992922,0.7,0.1642289400100708
278,Mistral,Attr Prompting,9,0.0,0.0891435444355011,0.9108564555644989
279,Mistral,Attr Prompting,9,0.07619125545024874,0.2761912554502487,0.6476174890995026
280,Mistral,Attr Prompting,4,0.0,0.11943274736404419,0.8805672526359558
281,Mistral,Attr Prompting,8,0.0,0.05729910731315613,0.9427008926868439
282,Mistral,Attr Prompting,10,0.12925168275833132,0.7,0.1707483172416687
283,Mistral,Attr Prompting,6,0.0,0.08061432838439941,0.9193856716156006
284,Mistral,Attr Prompting,3,0.0,0.08251363039016724,0.9174863696098328
285,Mistral,Attr Prompting,7,0.010752940177917503,0.21075294017791746,0.778494119644165
286,Mistral,Attr Prompting,7,0.0,0.08179333806037903,0.918206661939621
287,Mistral,Attr Prompting,10,0.0,0.009921610355377197,0.9900783896446228
288,Mistral,Attr Prompting,4,0.11175888180732729,0.4117588818073272,0.4764822363853455
289,Mistral,Attr Prompting,8,0.0,0.10578972101211548,0.8942102789878845
290,Mistral,Attr Prompting,3,0.11973884105682375,0.4197388410568237,0.46052231788635256
291,Mistral,Attr Prompting,5,0.10166672766208651,0.40166672766208644,0.49666654467582705
292,Mistral,Attr Prompting,9,0.0,0.07225307822227478,0.9277469217777252
293,Mistral,Attr Prompting,5,0.044087672233581565,0.24408767223358152,0.7118246555328369
294,Mistral,Attr Prompting,8,0.0,0.02366083860397339,0.9763391613960266
295,Mistral,Attr Prompting,8,0.0,0.11353066563606262,0.8864693343639374
296,Mistral,Attr Prompting,10,0.0,0.1262017786502838,0.8737982213497162
297,Mistral,Attr Prompting,4,0.0,0.005234628915786743,0.9947653710842133
298,Mistral,Attr Prompting,6,0.10802450180053713,0.40802450180053706,0.4839509963989258
299,Mistral,Attr Prompting,8,0.010420748591423057,0.210420748591423,0.7791585028171539
300,Mistral,Attr Prompting,3,0.05627570450305941,0.25627570450305937,0.6874485909938812
301,Mistral,Attr Prompting,7,0.08305869400501253,0.2830586940050125,0.633882611989975
302,Mistral,Attr Prompting,9,0.05811640024185183,0.2581164002418518,0.6837671995162964
303,Mistral,Attr Prompting,9,0.0,0.03619298338890076,0.9638070166110992
304,Mistral,Attr Prompting,9,0.0,0.09153187274932861,0.9084681272506714
305,Mistral,Attr Prompting,4,0.0,0.16716349124908447,0.8328365087509155
306,Mistral,Attr Prompting,7,0.0,0.028182804584503174,0.9718171954154968
307,Mistral,Attr Prompting,4,0.08536230921745303,0.285362309217453,0.629275381565094
308,Mistral,Attr Prompting,9,0.0,0.11871686577796936,0.8812831342220306
309,Mistral,Attr Prompting,5,0.13065178096294405,0.7,0.16934821903705596
310,Mistral,Attr Prompting,7,0.0,0.15234994888305664,0.8476500511169434
311,Mistral,Attr Prompting,5,0.0,0.013739079236984253,0.9862609207630157
312,Mistral,Attr Prompting,9,0.0,0.03960026800632477,0.9603997319936752
313,Mistral,Attr Prompting,7,0.0,0.009222865104675293,0.9907771348953247
314,Mistral,Attr Prompting,6,0.0,0.03938710689544678,0.9606128931045532
315,Mistral,Attr Prompting,8,0.0,0.09603554010391235,0.9039644598960876
316,Mistral,Attr Prompting,6,0.134284982085228,0.7,0.16571501791477203
317,Mistral,Attr Prompting,7,0.0,0.12544801831245422,0.8745519816875458
318,Mistral,Attr Prompting,4,0.9802246247418225,0.01977537525817752,0.0
319,Mistral,Attr Prompting,4,0.0,0.06410354375839233,0.9358964562416077
320,Mistral,Attr Prompting,5,0.11575969457626345,0.4157596945762634,0.46848061084747317
321,Mistral,Attr Prompting,9,0.0,0.05875846743583679,0.9412415325641632
322,Mistral,Attr Prompting,10,0.0,0.06865106523036957,0.9313489347696304
323,Mistral,Attr Prompting,10,0.0,0.006165683269500732,0.9938343167304993
324,Mistral,Attr Prompting,3,0.0,0.11846929788589478,0.8815307021141052
325,Mistral,Attr Prompting,8,0.08444967269897463,0.2844496726989746,0.6311006546020508
326,Mistral,Attr Prompting,4,0.0,0.02973318099975586,0.9702668190002441
327,Mistral,Attr Prompting,4,0.08271936476230624,0.2827193647623062,0.6345612704753876
328,Mistral,Attr Prompting,4,0.13114518821239474,0.7,0.16885481178760528
329,Mistral,Attr Prompting,4,0.9567619580775499,0.043238041922450066,0.0
330,Mistral,Attr Prompting,8,0.05866218507289889,0.25866218507289884,0.6826756298542023
331,Mistral,Attr Prompting,10,0.0,0.12452042102813721,0.8754795789718628
332,Mistral,Attr Prompting,10,0.0,0.19728699326515198,0.802713006734848
333,Mistral,Attr Prompting,8,0.020396301150321983,0.22039630115032194,0.7592073976993561
334,Mistral,Attr Prompting,4,0.11454986929893496,0.4145498692989349,0.47090026140213015
335,Mistral,Attr Prompting,8,0.0,0.019163012504577637,0.9808369874954224
336,Mistral,Attr Prompting,8,0.0,0.13967761397361755,0.8603223860263824
337,Mistral,Attr Prompting,10,0.0,0.14479967951774597,0.855200320482254
338,Mistral,Attr Prompting,10,0.0,0.05433833599090576,0.9456616640090942
339,Mistral,Attr Prompting,6,0.0,0.12308767437934875,0.8769123256206512
340,Mistral,Attr Prompting,5,0.1151809483766556,0.41518094837665553,0.46963810324668886
341,Mistral,Attr Prompting,9,0.0,0.10549268126487732,0.8945073187351227
342,Mistral,Attr Prompting,6,0.11484281122684481,0.41484281122684474,0.47031437754631045
343,Mistral,Attr Prompting,7,0.0,0.17604297399520874,0.8239570260047913
344,Mistral,Attr Prompting,4,0.0,0.05098140239715576,0.9490185976028442
345,Mistral,Attr Prompting,7,0.14520333111286166,0.7,0.15479666888713836
346,Mistral,Attr Prompting,7,0.1253966182470322,0.7,0.17460338175296783
347,Mistral,Attr Prompting,5,0.14357748031616213,0.7,0.15642251968383789
348,Mistral,Attr Prompting,6,0.0506999731063843,0.25069997310638426,0.6986000537872314
349,Mistral,Attr Prompting,8,0.042520979046821616,0.24252097904682157,0.7149580419063568
350,Mistral,Attr Prompting,9,0.0006013751029968484,0.2006013751029968,0.7987972497940063
351,Mistral,Attr Prompting,3,0.14875968694686892,0.7,0.1512403130531311
352,Mistral,Attr Prompting,10,0.0,0.184478759765625,0.815521240234375
353,Mistral,Attr Prompting,4,0.09112521409988406,0.291125214099884,0.6177495718002319
354,Mistral,Attr Prompting,9,0.0828671842813492,0.28286718428134916,0.6342656314373016
355,Mistral,Attr Prompting,9,0.13978218436241152,0.7,0.1602178156375885
356,Mistral,Attr Prompting,6,0.0,0.018735140562057495,0.9812648594379425
357,Mistral,Attr Prompting,8,0.0,0.1910582184791565,0.8089417815208435
358,Mistral,Attr Prompting,7,0.0,0.08841148018836975,0.9115885198116302
359,Mistral,Attr Prompting,3,0.02942112982273104,0.229421129822731,0.741157740354538
360,Mistral,Attr Prompting,5,0.07711032927036288,0.27711032927036283,0.6457793414592743
361,Mistral,Attr Prompting,6,0.0759975999593735,0.27599759995937345,0.648004800081253
362,Mistral,Attr Prompting,5,0.0,0.05544605851173401,0.944553941488266
363,Mistral,Attr Prompting,7,0.14514515697956087,0.7,0.15485484302043914
364,Mistral,Attr Prompting,9,0.0,0.15649983286857605,0.843500167131424
365,Mistral,Attr Prompting,3,0.1332744598388672,0.7,0.1667255401611328
366,Mistral,Attr Prompting,3,0.10507445931434634,0.40507445931434627,0.4898510813713074
367,Mistral,Attr Prompting,8,0.0,0.05181056261062622,0.9481894373893738
368,Mistral,Attr Prompting,4,0.08604157865047457,0.2860415786504745,0.6279168426990509
369,Mistral,Attr Prompting,5,0.0,0.12950032949447632,0.8704996705055237
370,Mistral,Attr Prompting,5,0.14527166783809664,0.7,0.15472833216190338
371,Mistral,Attr Prompting,5,0.0,0.0126076340675354,0.9873923659324646
372,Mistral,Attr Prompting,8,0.0,0.13610953092575073,0.8638904690742493
373,Mistral,Attr Prompting,8,0.0,0.046777427196502686,0.9532225728034973
374,Mistral,Attr Prompting,3,0.13218344151973727,0.7,0.16781655848026275
375,Mistral,Attr Prompting,4,0.0,0.11664676666259766,0.8833532333374023
376,Mistral,Attr Prompting,4,0.0,0.0836908221244812,0.9163091778755188
377,Mistral,Attr Prompting,7,0.0,0.16123893857002258,0.8387610614299774
378,Mistral,Attr Prompting,5,0.0965318024158478,0.29653180241584776,0.6069363951683044
379,Mistral,Attr Prompting,10,0.11950182318687441,0.41950182318687435,0.46099635362625124
380,Mistral,Attr Prompting,7,0.0,0.16308793425559998,0.8369120657444
381,Mistral,Attr Prompting,10,0.03634292781352999,0.23634292781352995,0.7273141443729401
382,Mistral,Attr Prompting,6,0.1422910034656525,0.7,0.15770899653434753
383,Mistral,Attr Prompting,8,0.09671623408794405,0.296716234087944,0.6065675318241119
384,Mistral,Attr Prompting,8,0.0,0.08962172269821167,0.9103782773017883
385,Mistral,Attr Prompting,6,0.0,0.025316685438156128,0.9746833145618439
386,Mistral,Attr Prompting,4,0.1040047347545624,0.40400473475456233,0.49199053049087527
387,Mistral,Attr Prompting,8,0.10399944484233858,0.4039994448423385,0.4920011103153229
388,Mistral,Attr Prompting,8,0.0,0.02088525891304016,0.9791147410869598
389,Mistral,Attr Prompting,7,0.0,0.13210755586624146,0.8678924441337585
390,Mistral,Attr Prompting,9,0.0,0.10368567705154419,0.8963143229484558
391,Mistral,Attr Prompting,8,0.10777384936809542,0.40777384936809535,0.4844523012638092
392,Mistral,Attr Prompting,5,0.09051018357276919,0.29051018357276914,0.6189796328544617
393,Mistral,Attr Prompting,10,0.0,0.09370791912078857,0.9062920808792114
394,Mistral,Attr Prompting,10,0.03276718556880953,0.2327671855688095,0.734465628862381
395,Mistral,Attr Prompting,3,0.006719791889190696,0.20671979188919065,0.7865604162216187
396,Mistral,Attr Prompting,3,0.024723955988883994,0.22472395598888395,0.7505520880222321
397,Mistral,Attr Prompting,4,0.0032625436782837136,0.20326254367828367,0.7934749126434326
398,Mistral,Attr Prompting,5,0.0,0.17758241295814514,0.8224175870418549
399,Mistral,Attr Prompting,10,0.08161536753177645,0.2816153675317764,0.6367692649364471
400,Mistral,Attr Prompting,10,0.025326626002788566,0.22532662600278852,0.7493467479944229
401,Mistral,Attr Prompting,6,0.0,0.10418060421943665,0.8958193957805634
402,Mistral,Attr Prompting,5,0.019930490851402305,0.21993049085140226,0.7601390182971954
403,Mistral,Attr Prompting,4,0.0,0.0524020791053772,0.9475979208946228
404,Mistral,Attr Prompting,8,0.10329140126705172,0.40329140126705165,0.49341719746589663
405,Mistral,Attr Prompting,4,0.149528244137764,0.7,0.15047175586223602
406,Mistral,Attr Prompting,10,0.0,0.18047398328781128,0.8195260167121887
407,Mistral,Attr Prompting,9,0.13254819214344027,0.7,0.16745180785655975
408,Mistral,Attr Prompting,4,0.12428674995899203,0.42428674995899196,0.451426500082016
409,Mistral,Attr Prompting,8,0.08847015500068667,0.2884701550006866,0.6230596899986267
410,Mistral,Attr Prompting,6,0.13899029195308688,0.7,0.16100970804691314
411,Mistral,Attr Prompting,7,0.13942671716213229,0.7,0.16057328283786773
412,Mistral,Attr Prompting,4,0.0,0.07913458347320557,0.9208654165267944
413,Mistral,Attr Prompting,3,0.0,0.14966744184494019,0.8503325581550598
414,Mistral,Attr Prompting,10,0.0,0.030793845653533936,0.9692061543464661
415,Mistral,Attr Prompting,4,0.0,0.0913408100605011,0.9086591899394989
416,Mistral,Attr Prompting,5,0.0,0.16388514637947083,0.8361148536205292
417,Mistral,Attr Prompting,8,0.0,0.19522026181221008,0.8047797381877899
418,Mistral,Attr Prompting,10,0.0,0.030958175659179688,0.9690418243408203
419,Mistral,Attr Prompting,10,0.0,0.05526888370513916,0.9447311162948608
420,Mistral,Attr Prompting,8,0.031381921470165275,0.23138192147016523,0.7372361570596695
421,Mistral,Attr Prompting,10,0.0,0.09978356957435608,0.9002164304256439
422,Mistral,Attr Prompting,4,0.14623107910156252,0.7,0.1537689208984375
423,Mistral,Attr Prompting,9,0.12244143486022951,0.42244143486022945,0.45511713027954104
424,Mistral,Attr Prompting,4,0.0,0.1355772614479065,0.8644227385520935
425,Mistral,Attr Prompting,6,0.04992994070053103,0.24992994070053098,0.700140118598938
426,Mistral,Attr Prompting,4,0.0,0.15062972903251648,0.8493702709674835
427,Mistral,Attr Prompting,5,0.0,0.03360867500305176,0.9663913249969482
428,Mistral,Attr Prompting,3,0.0,0.028829097747802734,0.9711709022521973
429,Mistral,Attr Prompting,8,0.0,0.08308306336402893,0.9169169366359711
430,Mistral,Attr Prompting,7,0.08021924793720248,0.28021924793720243,0.6395615041255951
431,Mistral,Attr Prompting,6,0.14761377274990084,0.7,0.15238622725009918
432,Mistral,Attr Prompting,4,0.14167098104953768,0.7,0.15832901895046234
433,Mistral,Attr Prompting,6,0.0,0.16852477192878723,0.8314752280712128
434,Mistral,Attr Prompting,3,0.0,0.13005006313323975,0.8699499368667603
435,Mistral,Attr Prompting,9,0.0,0.056972503662109375,0.9430274963378906
436,Mistral,Attr Prompting,10,0.001147398352623008,0.20114739835262296,0.797705203294754
437,Mistral,Attr Prompting,3,0.0,0.03170105814933777,0.9682989418506622
438,Mistral,Attr Prompting,7,0.0,0.16730642318725586,0.8326935768127441
439,Mistral,Attr Prompting,8,0.0,0.0895758867263794,0.9104241132736206
440,Mistral,Attr Prompting,4,0.0,0.07445865869522095,0.925541341304779
441,Mistral,Attr Prompting,10,0.0,0.047419339418411255,0.9525806605815887
442,Mistral,Attr Prompting,8,0.0,0.05289003252983093,0.9471099674701691
443,Mistral,Attr Prompting,5,0.08211929500102999,0.28211929500102995,0.6357614099979401
444,Mistral,Attr Prompting,9,0.0,0.011066794395446777,0.9889332056045532
445,Mistral,Attr Prompting,8,0.0,0.11912614107131958,0.8808738589286804
446,Mistral,Attr Prompting,10,0.03897283375263216,0.23897283375263212,0.7220543324947357
447,Mistral,Attr Prompting,9,0.06808557510375979,0.26808557510375974,0.6638288497924805
448,Mistral,Attr Prompting,9,0.0,0.14002642035484314,0.8599735796451569
449,Mistral,Attr Prompting,7,0.0010585576295852883,0.20105855762958524,0.7978828847408295
450,Mistral,Attr Prompting,9,0.14739885330200198,0.7,0.15260114669799804
451,Mistral,Attr Prompting,5,0.00609024763107302,0.20609024763107298,0.787819504737854
452,Mistral,Attr Prompting,5,0.13462122678756716,0.7,0.16537877321243286
453,Mistral,Attr Prompting,9,0.08013994395732882,0.2801399439573288,0.6397201120853424
454,Mistral,Attr Prompting,4,0.1165743410587311,0.41657434105873103,0.46685131788253786
455,Mistral,Attr Prompting,6,0.0,0.15471741557121277,0.8452825844287872
456,Mistral,Attr Prompting,10,0.09672425091266634,0.2967242509126663,0.6065514981746674
457,Mistral,Attr Prompting,10,0.0,0.010570526123046875,0.9894294738769531
458,Mistral,Attr Prompting,9,0.0,0.010952919721603394,0.9890470802783966
459,Mistral,Attr Prompting,10,0.0,0.045536696910858154,0.9544633030891418
460,Mistral,Attr Prompting,10,0.0,0.022690266370773315,0.9773097336292267
461,Mistral,Attr Prompting,3,0.01243596673011782,0.21243596673011778,0.7751280665397644
462,Mistral,Attr Prompting,9,0.0,0.07434314489364624,0.9256568551063538
463,Mistral,Attr Prompting,9,0.0235700845718384,0.22357008457183836,0.7528598308563232
464,Mistral,Attr Prompting,5,0.0,0.19130125641822815,0.8086987435817719
465,Mistral,Attr Prompting,10,0.0,0.010680794715881348,0.9893192052841187
466,Mistral,Attr Prompting,5,0.0,0.005625098943710327,0.9943749010562897
467,Mistral,Attr Prompting,8,0.015243673324584983,0.21524367332458494,0.7695126533508301
468,Mistral,Attr Prompting,5,0.08844580650329592,0.2884458065032959,0.6231083869934082
469,Mistral,Attr Prompting,8,0.02073209881782534,0.2207320988178253,0.7585358023643494
470,Mistral,Attr Prompting,4,0.14413909018039706,0.7,0.15586090981960296
471,Mistral,Attr Prompting,4,0.050470614433288596,0.25047061443328855,0.6990587711334229
472,Mistral,Attr Prompting,6,0.0,0.022420018911361694,0.9775799810886383
473,Mistral,Attr Prompting,8,0.0,0.04176872968673706,0.9582312703132629
474,Mistral,Attr Prompting,3,0.09587376713752749,0.29587376713752744,0.6082524657249451
475,Mistral,Attr Prompting,7,0.0,0.03462383151054382,0.9653761684894562
476,Mistral,Attr Prompting,9,0.0,0.12923213839530945,0.8707678616046906
477,Mistral,Attr Prompting,5,0.04147847890853884,0.2414784789085388,0.7170430421829224
478,Mistral,Attr Prompting,4,0.09664995372295382,0.2966499537229538,0.6067000925540924
479,Mistral,Attr Prompting,7,0.0,0.1486378312110901,0.8513621687889099
480,Mistral,Attr Prompting,8,0.0,0.02351030707359314,0.9764896929264069
481,Mistral,Attr Prompting,8,0.0,0.15795794129371643,0.8420420587062836
482,Mistral,Attr Prompting,5,0.0636060029268265,0.26360600292682645,0.672787994146347
483,Mistral,Attr Prompting,8,0.10850700139999392,0.40850700139999385,0.48298599720001223
484,Mistral,Attr Prompting,3,0.11303538978099825,0.4130353897809982,0.47392922043800356
485,Mistral,Attr Prompting,4,0.11749867498874667,0.4174986749887466,0.46500265002250674
486,Mistral,Attr Prompting,9,0.0,0.1947702169418335,0.8052297830581665
487,Mistral,Attr Prompting,5,0.12847005724906924,0.7,0.17152994275093078
488,Mistral,Attr Prompting,9,0.08286541104316714,0.2828654110431671,0.6342691779136658
489,Mistral,Attr Prompting,10,0.007027679681777976,0.20702767968177793,0.7859446406364441
490,Mistral,Attr Prompting,3,0.12747692465782168,0.7,0.17252307534217834
491,Mistral,Attr Prompting,4,0.14701748788356783,0.7,0.15298251211643218
492,Mistral,Attr Prompting,8,0.0,0.03911173343658447,0.9608882665634155
493,Mistral,Attr Prompting,4,0.07017300426959994,0.2701730042695999,0.6596539914608002
494,Mistral,Attr Prompting,4,0.028882572054863,0.22888257205486295,0.742234855890274
495,Mistral,Attr Prompting,6,0.0,0.03630027174949646,0.9636997282505035
496,Mistral,Attr Prompting,9,0.0,0.05830436944961548,0.9416956305503845
497,Mistral,Attr Prompting,3,0.125496381521225,0.7,0.17450361847877502
498,Mistral,Attr Prompting,10,0.0,0.180299773812294,0.819700226187706
499,Mistral,Attr Prompting,9,0.0,0.05884706974029541,0.9411529302597046
500,Mistral,Attr Prompting,5,0.1481167167425156,0.7,0.15188328325748443
501,Mistral,Attr Prompting,7,0.0,0.017433613538742065,0.9825663864612579
502,Mistral,Attr Prompting,9,0.01576795578002932,0.21576795578002927,0.7684640884399414
503,Mistral,Attr Prompting,6,0.08256437778472903,0.282564377784729,0.634871244430542
504,Mistral,Attr Prompting,6,0.0,0.138653963804245,0.861346036195755
505,Mistral,Attr Prompting,4,0.11333758533000948,0.4133375853300094,0.4733248293399811
506,Mistral,Attr Prompting,4,0.0,0.07695209980010986,0.9230479001998901
507,Mistral,Attr Prompting,7,0.0,0.1504068374633789,0.8495931625366211
508,Mistral,Attr Prompting,3,0.13865054547786715,0.7,0.16134945452213287
509,Mistral,Attr Prompting,7,0.0,0.008163213729858398,0.9918367862701416
510,Mistral,Attr Prompting,6,0.018284478783607505,0.21828447878360746,0.763431042432785
511,Mistral,Attr Prompting,3,0.0,0.016133397817611694,0.9838666021823883
512,Mistral,Attr Prompting,8,0.0,0.031911879777908325,0.9680881202220917
513,Mistral,Attr Prompting,4,0.0,0.10764047503471375,0.8923595249652863
514,Mistral,Attr Prompting,10,0.014395156502723716,0.21439515650272367,0.7712096869945526
515,Mistral,Attr Prompting,6,0.0,0.09115403890609741,0.9088459610939026
