chain_id,model,method,num_emails,sentiment_neg,sentiment_neu,sentiment_pos
0,Mistral,Zeroshot,6,0.0,0.17976978421211243,0.8202302157878876
1,Mistral,Zeroshot,7,0.05645559132099154,0.2564555913209915,0.687088817358017
2,Mistral,Zeroshot,7,0.12804661095142367,0.7,0.17195338904857635
3,Mistral,Zeroshot,6,0.0,0.15597698092460632,0.8440230190753937
4,Mistral,Zeroshot,7,0.0,0.014896035194396973,0.985103964805603
5,Mistral,Zeroshot,6,0.06179430484771731,0.26179430484771726,0.6764113903045654
6,Mistral,Zeroshot,6,0.03173453509807589,0.23173453509807584,0.7365309298038483
7,Mistral,Zeroshot,6,0.08046328425407412,0.2804632842540741,0.6390734314918518
8,Mistral,Zeroshot,6,0.0,0.04072076082229614,0.9592792391777039
9,Mistral,Zeroshot,7,0.0,0.007997244596481323,0.9920027554035187
10,Mistral,Zeroshot,7,0.0,0.014954686164855957,0.985045313835144
11,Mistral,Zeroshot,6,0.11461169421672823,0.41461169421672817,0.4707766115665436
12,Mistral,Zeroshot,7,0.0,0.03787696361541748,0.9621230363845825
13,Mistral,Zeroshot,6,0.07396345734596255,0.2739634573459625,0.652073085308075
14,Mistral,Zeroshot,7,0.0,0.16192612051963806,0.8380738794803619
15,Mistral,Zeroshot,6,0.0,0.09285911917686462,0.9071408808231354
16,Mistral,Zeroshot,6,0.07694310843944552,0.2769431084394455,0.646113783121109
17,Mistral,Zeroshot,6,0.08984001874923708,0.28984001874923704,0.6203199625015259
18,Mistral,Zeroshot,7,0.0,0.01754501461982727,0.9824549853801727
19,Mistral,Zeroshot,6,0.005926439166069053,0.205926439166069,0.7881471216678619
20,Mistral,Zeroshot,6,0.0,0.06865519285202026,0.9313448071479797
21,Mistral,Zeroshot,6,0.14046175181865694,0.7,0.15953824818134307
22,Mistral,Zeroshot,7,0.0,0.0386180579662323,0.9613819420337677
23,Mistral,Zeroshot,6,0.10807103812694552,0.40807103812694545,0.48385792374610903
24,Mistral,Zeroshot,6,0.0,0.05079120397567749,0.9492087960243225
25,Mistral,Zeroshot,6,0.0,0.1382007896900177,0.8617992103099823
26,Mistral,Zeroshot,6,0.0,0.03489196300506592,0.9651080369949341
27,Mistral,Zeroshot,7,0.033711501955986045,0.233711501955986,0.732576996088028
28,Mistral,Zeroshot,6,0.09770199060440066,0.2977019906044006,0.6045960187911987
29,Mistral,Zeroshot,7,0.02382839620113375,0.2238283962011337,0.7523432075977325
30,Mistral,Zeroshot,7,0.0,0.03778034448623657,0.9622196555137634
31,Mistral,Zeroshot,7,0.015677669644355796,0.21567766964435575,0.7686446607112885
32,Mistral,Zeroshot,7,0.0,0.08045122027397156,0.9195487797260284
33,Mistral,Zeroshot,7,0.06028280556201937,0.2602828055620193,0.6794343888759613
34,Mistral,Zeroshot,7,0.07066474258899691,0.27066474258899687,0.6586705148220062
35,Mistral,Zeroshot,6,0.08558406829833987,0.2855840682983398,0.6288318634033203
36,Mistral,Zeroshot,7,0.0,0.03822705149650574,0.9617729485034943
37,Mistral,Zeroshot,7,0.0,0.0700518786907196,0.9299481213092804
38,Mistral,Zeroshot,6,0.09192481040954592,0.2919248104095459,0.6161503791809082
39,Mistral,Zeroshot,7,0.14624150991439822,0.7,0.1537584900856018
40,Mistral,Zeroshot,7,0.047986486554145835,0.2479864865541458,0.7040270268917084
41,Mistral,Zeroshot,6,0.1241693437099457,0.42416934370994563,0.45166131258010866
42,Mistral,Zeroshot,6,0.0,0.15250620245933533,0.8474937975406647
43,Mistral,Zeroshot,7,0.03777028024196627,0.23777028024196623,0.7244594395160675
44,Mistral,Zeroshot,6,0.0,0.024065643548965454,0.9759343564510345
45,Mistral,Zeroshot,7,0.09229522347450259,0.29229522347450254,0.6154095530509949
46,Mistral,Zeroshot,7,0.07023743689060213,0.2702374368906021,0.6595251262187958
47,Mistral,Zeroshot,6,0.11927312016487124,0.41927312016487117,0.4614537596702576
48,Mistral,Zeroshot,7,0.031236329674720786,0.23123632967472074,0.7375273406505585
49,Mistral,Zeroshot,7,0.12218455374240877,0.4221845537424087,0.4556308925151825
50,Mistral,Zeroshot,6,0.08258810043334963,0.2825881004333496,0.6348237991333008
51,Mistral,Zeroshot,7,0.0,0.07138460874557495,0.928615391254425
52,Mistral,Zeroshot,7,0.0,0.11029738187789917,0.8897026181221008
53,Mistral,Zeroshot,6,0.0,0.08527699112892151,0.9147230088710785
54,Mistral,Zeroshot,7,0.02879981100559237,0.22879981100559232,0.7424003779888153
55,Mistral,Zeroshot,6,0.0,0.19601890444755554,0.8039810955524445
56,Mistral,Zeroshot,7,0.0641892343759537,0.26418923437595365,0.6716215312480927
57,Mistral,Zeroshot,7,0.026205250620842002,0.22620525062084196,0.747589498758316
58,Mistral,Zeroshot,6,0.1466896176338196,0.7,0.15331038236618041
59,Mistral,Zeroshot,6,0.0,0.13715791702270508,0.8628420829772949
60,Mistral,Zeroshot,7,0.0,0.09063595533370972,0.9093640446662903
61,Mistral,Zeroshot,6,0.14130699038505556,0.7,0.15869300961494445
62,Mistral,Zeroshot,7,0.0,0.028033345937728882,0.9719666540622711
63,Mistral,Zeroshot,6,0.0,0.05218768119812012,0.9478123188018799
64,Mistral,Zeroshot,6,0.08308806419372561,0.28308806419372556,0.6338238716125488
65,Mistral,Zeroshot,6,0.11856635808944704,0.418566358089447,0.462867283821106
66,Mistral,Zeroshot,7,0.09151051342487337,0.29151051342487333,0.6169789731502533
67,Mistral,Zeroshot,7,0.0,0.0970948338508606,0.9029051661491394
68,Mistral,Zeroshot,6,0.0,0.05432048439979553,0.9456795156002045
69,Mistral,Zeroshot,7,0.0,0.08291086554527283,0.9170891344547272
70,Mistral,Zeroshot,7,0.0,0.14581671357154846,0.8541832864284515
71,Mistral,Zeroshot,7,0.0,0.06116002798080444,0.9388399720191956
72,Mistral,Zeroshot,7,0.04065310359001162,0.24065310359001157,0.7186937928199768
73,Mistral,Zeroshot,6,0.03641479611396792,0.23641479611396787,0.7271704077720642
74,Mistral,Zeroshot,7,0.0,0.03515633940696716,0.9648436605930328
75,Mistral,Zeroshot,7,0.0,0.1950291395187378,0.8049708604812622
76,Mistral,Zeroshot,6,0.0,0.011000603437423706,0.9889993965625763
77,Mistral,Zeroshot,7,0.0,0.05474960803985596,0.945250391960144
78,Mistral,Zeroshot,6,0.11735797822475436,0.4173579782247543,0.46528404355049136
79,Mistral,Zeroshot,7,0.09873063266277315,0.2987306326627731,0.6025387346744537
80,Mistral,Zeroshot,7,0.018517205119133018,0.21851720511913297,0.762965589761734
81,Mistral,Zeroshot,7,0.0,0.12514463067054749,0.8748553693294525
82,Mistral,Zeroshot,7,0.06780476272106173,0.2678047627210617,0.6643904745578766
83,Mistral,Zeroshot,6,0.0,0.15722277760505676,0.8427772223949432
84,Mistral,Zeroshot,6,0.13569370806217196,0.7,0.16430629193782806
85,Mistral,Zeroshot,7,0.09770053029060366,0.2977005302906036,0.6045989394187927
86,Mistral,Zeroshot,6,0.1152773439884186,0.41527734398841853,0.46944531202316286
87,Mistral,Zeroshot,7,0.04998891949653628,0.24998891949653623,0.7000221610069275
88,Mistral,Zeroshot,7,0.08487855792045595,0.2848785579204559,0.6302428841590881
89,Mistral,Zeroshot,7,0.0,0.009662628173828125,0.9903373718261719
90,Mistral,Zeroshot,6,0.00933092236518862,0.20933092236518858,0.7813381552696228
91,Mistral,Zeroshot,7,0.11067412197589876,0.4106741219758987,0.47865175604820254
92,Mistral,Zeroshot,7,0.0,0.11948251724243164,0.8805174827575684
93,Mistral,Zeroshot,6,0.0,0.13219356536865234,0.8678064346313477
94,Mistral,Zeroshot,6,0.08393735587596896,0.2839373558759689,0.6321252882480621
95,Mistral,Zeroshot,7,0.0,0.08532717823982239,0.9146728217601776
96,Mistral,Zeroshot,6,0.0354891359806061,0.23548913598060606,0.7290217280387878
97,Mistral,Zeroshot,7,0.0,0.1204582154750824,0.8795417845249176
98,Mistral,Zeroshot,6,0.02992505729198458,0.22992505729198454,0.7401498854160309
99,Mistral,Zeroshot,5,0.06560159623622897,0.2656015962362289,0.6687968075275421
100,Mistral,Zeroshot,6,0.0,0.002605348825454712,0.9973946511745453
101,Mistral,Zeroshot,6,0.12428767383098605,0.424287673830986,0.451424652338028
102,Mistral,Zeroshot,7,0.037161225080490135,0.2371612250804901,0.7256775498390198
103,Mistral,Zeroshot,7,0.0,0.15131938457489014,0.8486806154251099
104,Mistral,Zeroshot,7,0.0,0.16965830326080322,0.8303416967391968
105,Mistral,Zeroshot,6,0.0,0.01612219214439392,0.9838778078556061
106,Mistral,Zeroshot,7,0.007278615236282371,0.20727861523628233,0.7854427695274353
107,Mistral,Zeroshot,7,0.0,0.018686115741729736,0.9813138842582703
108,Mistral,Zeroshot,6,0.0,0.17306843400001526,0.8269315659999847
109,Mistral,Zeroshot,6,0.0,0.13363248109817505,0.866367518901825
110,Mistral,Zeroshot,7,0.0,0.02586543560028076,0.9741345643997192
111,Mistral,Zeroshot,7,0.00379891097545626,0.20379891097545622,0.7924021780490875
112,Mistral,Zeroshot,6,0.0,0.17820468544960022,0.8217953145503998
113,Mistral,Zeroshot,7,0.13405423760414126,0.7,0.16594576239585876
114,Mistral,Zeroshot,7,0.0,0.053058087825775146,0.9469419121742249
115,Mistral,Zeroshot,6,0.025203728675842307,0.22520372867584226,0.7495925426483154
116,Mistral,Zeroshot,7,0.050504335761070274,0.25050433576107023,0.6989913284778595
117,Mistral,Zeroshot,6,0.0,0.009813129901885986,0.990186870098114
118,Mistral,Zeroshot,6,0.0,0.137556791305542,0.862443208694458
119,Mistral,Zeroshot,6,0.029252523183822654,0.2292525231838226,0.7414949536323547
120,Mistral,Zeroshot,7,0.0,0.041080325841903687,0.9589196741580963
121,Mistral,Zeroshot,7,0.06773049533367159,0.26773049533367155,0.6645390093326569
122,Mistral,Zeroshot,7,0.14013747274875643,0.7,0.15986252725124359
123,Mistral,Zeroshot,7,0.061359190940856956,0.2613591909408569,0.6772816181182861
124,Mistral,Zeroshot,7,0.0,0.09104803204536438,0.9089519679546356
125,Mistral,Zeroshot,7,0.0,0.14911183714866638,0.8508881628513336
126,Mistral,Zeroshot,6,0.0,0.12302342057228088,0.8769765794277191
127,Mistral,Zeroshot,7,0.06417428851127627,0.2641742885112762,0.6716514229774475
128,Mistral,Zeroshot,7,0.0,0.13333183526992798,0.866668164730072
129,Mistral,Zeroshot,7,0.08455384671688082,0.2845538467168808,0.6308923065662384
130,Mistral,Zeroshot,6,0.0,0.03953149914741516,0.9604685008525848
131,Mistral,Zeroshot,6,0.0,0.10755127668380737,0.8924487233161926
132,Mistral,Zeroshot,7,0.023963996767997764,0.22396399676799772,0.7520720064640045
133,Mistral,Zeroshot,7,0.0,0.04039281606674194,0.9596071839332581
134,Mistral,Zeroshot,6,0.12780954837799074,0.7,0.17219045162200927
135,Mistral,Zeroshot,7,0.016589933633804343,0.2165899336338043,0.7668201327323914
136,Mistral,Zeroshot,7,0.007161775231361411,0.20716177523136137,0.7856764495372772
137,Mistral,Zeroshot,7,0.026279383897781394,0.22627938389778135,0.7474412322044373
138,Mistral,Zeroshot,7,0.0,0.14497774839401245,0.8550222516059875
139,Mistral,Zeroshot,7,0.0,0.1604366898536682,0.8395633101463318
140,Mistral,Zeroshot,7,0.0,0.1190594732761383,0.8809405267238617
141,Mistral,Zeroshot,7,0.0,0.13653868436813354,0.8634613156318665
142,Mistral,Zeroshot,7,0.0,0.18416282534599304,0.815837174654007
143,Mistral,Zeroshot,6,0.0,0.12200143933296204,0.877998560667038
144,Mistral,Zeroshot,7,0.0,0.1320834457874298,0.8679165542125702
145,Mistral,Zeroshot,7,0.0,0.03233107924461365,0.9676689207553864
146,Mistral,Zeroshot,7,0.09017310440540316,0.2901731044054031,0.6196537911891937
147,Mistral,Zeroshot,6,0.0,0.11052277684211731,0.8894772231578827
148,Mistral,Zeroshot,7,0.13556727170944216,0.7,0.16443272829055786
149,Mistral,Zeroshot,7,0.0,0.017067432403564453,0.9829325675964355
150,Mistral,Zeroshot,7,0.1291720509529114,0.7,0.17082794904708862
151,Mistral,Zeroshot,7,0.1454591989517212,0.7,0.1545408010482788
152,Mistral,Zeroshot,7,0.0,0.06646749377250671,0.9335325062274933
153,Mistral,Zeroshot,6,0.002892294526100181,0.20289229452610014,0.7942154109477997
154,Mistral,Zeroshot,6,0.0,0.11310720443725586,0.8868927955627441
155,Mistral,Zeroshot,6,0.043982470035553,0.24398247003555296,0.712035059928894
156,Mistral,Zeroshot,7,0.0,0.002101123332977295,0.9978988766670227
157,Mistral,Zeroshot,7,0.0,0.08975785970687866,0.9102421402931213
158,Mistral,Zeroshot,7,0.0,0.12724986672401428,0.8727501332759857
159,Mistral,Zeroshot,6,0.12233523428440096,0.4223352342844009,0.45532953143119814
160,Mistral,Zeroshot,7,0.12103287279605868,0.4210328727960586,0.4579342544078827
161,Mistral,Zeroshot,6,0.0,0.09108752012252808,0.9089124798774719
162,Mistral,Zeroshot,7,0.0577180474996567,0.25771804749965666,0.6845639050006866
163,Mistral,Zeroshot,6,0.039855295419693015,0.23985529541969297,0.720289409160614
164,Mistral,Zeroshot,6,0.14382939934730532,0.7,0.1561706006526947
165,Mistral,Zeroshot,6,0.0,0.07435452938079834,0.9256454706192017
166,Mistral,Zeroshot,7,0.0,0.06853854656219482,0.9314614534378052
167,Mistral,Zeroshot,7,0.0,0.1541425883769989,0.8458574116230011
168,Mistral,Zeroshot,7,0.0,0.01325303316116333,0.9867469668388367
169,Mistral,Zeroshot,6,0.10171937346458437,0.4017193734645843,0.4965612530708313
170,Mistral,Zeroshot,7,0.0,0.14039474725723267,0.8596052527427673
171,Mistral,Zeroshot,7,0.0,0.012439876794815063,0.9875601232051849
172,Mistral,Zeroshot,7,0.0,0.11163070797920227,0.8883692920207977
173,Mistral,Zeroshot,6,0.11992349624633791,0.41992349624633785,0.46015300750732424
174,Mistral,Zeroshot,7,0.0,0.15427687764167786,0.8457231223583221
175,Mistral,Zeroshot,6,0.023828649520874046,0.223828649520874,0.752342700958252
176,Mistral,Zeroshot,7,0.05967860817909243,0.2596786081790924,0.6806427836418152
177,Mistral,Zeroshot,7,0.0009311079978943093,0.20093110799789426,0.7981377840042114
178,Mistral,Zeroshot,6,0.01367219686508181,0.21367219686508176,0.7726556062698364
179,Mistral,Zeroshot,6,0.025630885362625144,0.2256308853626251,0.7487382292747498
180,Mistral,Zeroshot,7,0.14200597405433657,0.7,0.15799402594566345
181,Mistral,Zeroshot,7,0.14712796509265902,0.7,0.152872034907341
182,Mistral,Zeroshot,7,0.039830857515335105,0.23983085751533506,0.7203382849693298
183,Mistral,Zeroshot,6,0.13942774534225466,0.7,0.16057225465774536
184,Mistral,Zeroshot,7,0.0,0.17016571760177612,0.8298342823982239
185,Mistral,Zeroshot,7,0.0,0.11137282848358154,0.8886271715164185
186,Mistral,Zeroshot,6,0.0,0.1338680386543274,0.8661319613456726
187,Mistral,Zeroshot,7,0.0,0.10269558429718018,0.8973044157028198
188,Mistral,Zeroshot,7,0.0,0.15463414788246155,0.8453658521175385
189,Mistral,Zeroshot,6,0.0,0.03975474834442139,0.9602452516555786
190,Mistral,Zeroshot,7,0.127231502532959,0.7,0.172768497467041
191,Mistral,Zeroshot,6,0.0,0.05579870939254761,0.9442012906074524
192,Mistral,Zeroshot,7,0.0,0.09815466403961182,0.9018453359603882
193,Mistral,Zeroshot,6,0.0,0.04118797183036804,0.958812028169632
194,Mistral,Zeroshot,6,0.0,0.031315892934799194,0.9686841070652008
195,Mistral,Zeroshot,7,0.0,0.16925475001335144,0.8307452499866486
196,Mistral,Zeroshot,6,0.0,0.054361581802368164,0.9456384181976318
197,Mistral,Zeroshot,6,0.0,0.16414064168930054,0.8358593583106995
198,Mistral,Zeroshot,7,0.0,0.17397332191467285,0.8260266780853271
199,Mistral,Zeroshot,7,0.009686613082885764,0.20968661308288572,0.7806267738342285
200,Mistral,Zeroshot,6,0.0,0.047146618366241455,0.9528533816337585
201,Mistral,Zeroshot,7,0.0,0.12161776423454285,0.8783822357654572
202,Mistral,Zeroshot,6,0.08162025511264803,0.281620255112648,0.636759489774704
203,Mistral,Zeroshot,6,0.00020744800567629174,0.20020744800567625,0.7995851039886475
204,Mistral,Zeroshot,7,0.0,0.1941293478012085,0.8058706521987915
205,Mistral,Zeroshot,7,0.0,0.19334977865219116,0.8066502213478088
206,Mistral,Zeroshot,7,0.003562384843826316,0.20356238484382627,0.7928752303123474
207,Mistral,Zeroshot,7,0.0,0.13248887658119202,0.867511123418808
208,Mistral,Zeroshot,6,0.0,0.03604549169540405,0.963954508304596
209,Mistral,Zeroshot,6,0.01655165255069735,0.2165516525506973,0.7668966948986053
210,Mistral,Zeroshot,7,0.0,0.03030410408973694,0.9696958959102631
211,Mistral,Zeroshot,7,0.04777919650077822,0.24777919650077818,0.7044416069984436
212,Mistral,Zeroshot,7,0.0,0.11466893553733826,0.8853310644626617
213,Mistral,Zeroshot,7,0.006307491660118125,0.20630749166011808,0.7873850166797638
214,Mistral,Zeroshot,7,0.0,0.014816105365753174,0.9851838946342468
215,Mistral,Zeroshot,6,0.03291472196578982,0.23291472196578977,0.7341705560684204
216,Mistral,Zeroshot,6,0.09391557574272158,0.29391557574272154,0.6121688485145569
217,Mistral,Zeroshot,6,0.0,0.012407124042510986,0.987592875957489
218,Mistral,Zeroshot,7,0.0,0.08787044882774353,0.9121295511722565
219,Mistral,Zeroshot,7,0.10965473353862765,0.4096547335386276,0.4806905329227448
220,Mistral,Zeroshot,7,0.0,0.10720229148864746,0.8927977085113525
221,Mistral,Zeroshot,6,0.0,0.11405009031295776,0.8859499096870422
222,Mistral,Zeroshot,7,0.0,0.1776336133480072,0.8223663866519928
223,Mistral,Zeroshot,6,0.07106768488883974,0.2710676848888397,0.6578646302223206
224,Mistral,Zeroshot,7,0.11945972740650179,0.4194597274065017,0.4610805451869965
225,Mistral,Zeroshot,6,0.0,0.1572980284690857,0.8427019715309143
226,Mistral,Zeroshot,7,0.0,0.08274504542350769,0.9172549545764923
227,Mistral,Zeroshot,7,0.0,0.01672464609146118,0.9832753539085388
228,Mistral,Zeroshot,6,0.1376455366611481,0.7,0.16235446333885192
229,Mistral,Zeroshot,7,0.0,0.027319729328155518,0.9726802706718445
230,Mistral,Zeroshot,7,0.0,0.00825655460357666,0.9917434453964233
231,Mistral,Zeroshot,6,0.0,0.06185966730117798,0.938140332698822
232,Mistral,Zeroshot,6,0.0,0.18774378299713135,0.8122562170028687
233,Mistral,Zeroshot,7,0.0,0.12217724323272705,0.877822756767273
234,Mistral,Zeroshot,7,0.007253268361091636,0.2072532683610916,0.7854934632778168
235,Mistral,Zeroshot,7,0.0,0.06108251214027405,0.938917487859726
236,Mistral,Zeroshot,7,0.12853249311447146,0.7,0.17146750688552856
237,Mistral,Zeroshot,6,0.0,0.06107708811759949,0.9389229118824005
238,Mistral,Zeroshot,7,0.0,0.08086812496185303,0.919131875038147
239,Mistral,Zeroshot,7,0.0,0.1422535479068756,0.8577464520931244
240,Mistral,Zeroshot,7,0.0,0.013937145471572876,0.9860628545284271
241,Mistral,Zeroshot,6,0.014336356520652793,0.21433635652065275,0.7713272869586945
242,Mistral,Zeroshot,7,0.014386945962905906,0.21438694596290586,0.7712261080741882
243,Mistral,Zeroshot,6,0.039287620782852195,0.23928762078285215,0.7214247584342957
244,Mistral,Zeroshot,6,0.055070170760154746,0.2550701707601547,0.6898596584796906
245,Mistral,Zeroshot,6,0.08908619880676272,0.2890861988067627,0.6218276023864746
246,Mistral,Zeroshot,7,0.05541580319404604,0.255415803194046,0.689168393611908
247,Mistral,Zeroshot,6,0.08063721060752871,0.28063721060752866,0.6387255787849426
248,Mistral,Zeroshot,6,0.08968378007411959,0.28968378007411955,0.6206324398517609
249,Mistral,Zeroshot,7,0.10749302208423617,0.4074930220842361,0.48501395583152773
250,Mistral,Zeroshot,7,0.0,0.031295180320739746,0.9687048196792603
251,Mistral,Zeroshot,7,0.0,0.08470827341079712,0.9152917265892029
252,Mistral,Zeroshot,6,0.12190664708614352,0.42190664708614345,0.45618670582771303
253,Mistral,Zeroshot,6,0.022731178998947166,0.22273117899894712,0.7545376420021057
254,Mistral,Zeroshot,7,0.02815777957439425,0.2281577795743942,0.7436844408512115
255,Mistral,Zeroshot,6,0.14485643208026888,0.7,0.15514356791973113
256,Mistral,Zeroshot,7,0.013443061709404014,0.21344306170940397,0.773113876581192
257,Mistral,Zeroshot,7,0.0,0.04431906342506409,0.9556809365749359
258,Mistral,Zeroshot,7,0.0,0.06575539708137512,0.9342446029186249
259,Mistral,Zeroshot,6,0.13831921815872195,0.7,0.16168078184127807
260,Mistral,Zeroshot,6,0.0,0.110619455575943,0.889380544424057
261,Mistral,Zeroshot,6,0.07242576181888583,0.2724257618188858,0.6551484763622284
262,Mistral,Zeroshot,6,0.05897585451602938,0.25897585451602934,0.6820482909679413
263,Mistral,Zeroshot,5,0.10397205650806429,0.4039720565080642,0.4920558869838715
264,Mistral,Zeroshot,7,0.0,0.05916792154312134,0.9408320784568787
265,Mistral,Zeroshot,6,0.0,0.0110415518283844,0.9889584481716156
266,Mistral,Zeroshot,7,0.05489013493061068,0.25489013493061063,0.6902197301387787
267,Mistral,Zeroshot,7,0.0,0.1370081603527069,0.8629918396472931
268,Mistral,Zeroshot,7,0.05746170282363894,0.2574617028236389,0.6850765943527222
269,Mistral,Zeroshot,7,0.13886251449584963,0.7,0.16113748550415039
270,Mistral,Zeroshot,6,0.0,0.020836472511291504,0.9791635274887085
271,Mistral,Zeroshot,7,0.13472592234611513,0.7,0.16527407765388488
272,Mistral,Zeroshot,7,0.0,0.009463757276535034,0.990536242723465
273,Mistral,Zeroshot,7,0.0,0.05988392233848572,0.9401160776615143
274,Mistral,Zeroshot,7,0.1028159946203232,0.40281599462032314,0.49436801075935366
275,Mistral,Zeroshot,6,0.0,0.03565892577171326,0.9643410742282867
276,Mistral,Zeroshot,7,0.13065783083438876,0.7,0.16934216916561126
277,Mistral,Zeroshot,7,0.0,0.09490540623664856,0.9050945937633514
278,Mistral,Zeroshot,7,0.0,0.15624436736106873,0.8437556326389313
279,Mistral,Zeroshot,7,0.04818941056728365,0.2481894105672836,0.7036211788654327
280,Mistral,Zeroshot,7,0.0,0.036102503538131714,0.9638974964618683
281,Mistral,Zeroshot,7,0.023831003904342674,0.22383100390434263,0.7523379921913147
282,Mistral,Zeroshot,7,0.0035155057907104714,0.20351550579071043,0.7929689884185791
283,Mistral,Zeroshot,7,0.0,0.12483015656471252,0.8751698434352875
284,Mistral,Zeroshot,6,0.0,0.019110560417175293,0.9808894395828247
285,Mistral,Zeroshot,6,0.11481797099113467,0.4148179709911346,0.47036405801773074
286,Mistral,Zeroshot,6,0.00808461904525759,0.20808461904525755,0.7838307619094849
287,Mistral,Zeroshot,7,0.0,0.18178343772888184,0.8182165622711182
288,Mistral,Zeroshot,7,0.11137887239456179,0.4113788723945617,0.4772422552108765
289,Mistral,Zeroshot,7,0.0,0.09177389740943909,0.9082261025905609
290,Mistral,Zeroshot,6,0.07677308619022372,0.27677308619022367,0.6464538276195526
291,Mistral,Zeroshot,7,0.0,0.0669698715209961,0.9330301284790039
292,Mistral,Zeroshot,7,0.13668341338634493,0.7,0.16331658661365508
293,Mistral,Zeroshot,7,0.0,0.01632872223854065,0.9836712777614594
294,Mistral,Zeroshot,6,0.07537233233451845,0.2753723323345184,0.6492553353309631
295,Mistral,Zeroshot,7,0.0,0.06433096528053284,0.9356690347194672
296,Mistral,Zeroshot,7,0.0,0.11106109619140625,0.8889389038085938
297,Mistral,Zeroshot,7,0.08408101797103884,0.2840810179710388,0.6318379640579224
298,Mistral,Zeroshot,6,0.017961496114730857,0.2179614961147308,0.7640770077705383
299,Mistral,Zeroshot,6,0.13913842439651491,0.7,0.1608615756034851
300,Mistral,Zeroshot,6,0.0,0.10579872131347656,0.8942012786865234
301,Mistral,Zeroshot,7,0.007735216617584251,0.2077352166175842,0.7845295667648315
302,Mistral,Zeroshot,7,0.13879872262477877,0.7,0.16120127737522125
303,Mistral,Zeroshot,6,0.0,0.017723172903060913,0.9822768270969391
304,Mistral,Zeroshot,6,0.07815552651882174,0.2781555265188217,0.6436889469623566
305,Mistral,Zeroshot,7,0.0,0.05663618445396423,0.9433638155460358
306,Mistral,Zeroshot,7,0.024288350343704246,0.2242883503437042,0.7514232993125916
307,Mistral,Zeroshot,6,0.10862103998661043,0.40862103998661037,0.4827579200267792
308,Mistral,Zeroshot,7,0.0,0.038303494453430176,0.9616965055465698
309,Mistral,Zeroshot,6,0.0,0.026295751333236694,0.9737042486667633
310,Mistral,Zeroshot,6,0.0239694803953171,0.22396948039531706,0.7520610392093658
311,Mistral,Zeroshot,6,0.0,0.025249779224395752,0.9747502207756042
312,Mistral,Zeroshot,6,0.0,0.033919960260391235,0.9660800397396088
313,Mistral,Zeroshot,6,0.1189033627510071,0.41890336275100704,0.46219327449798586
314,Mistral,Zeroshot,7,0.09458775222301485,0.2945877522230148,0.6108244955539703
315,Mistral,Zeroshot,7,0.05171083807945254,0.2517108380794525,0.696578323841095
316,Mistral,Zeroshot,7,0.0,0.12772724032402039,0.8722727596759796
317,Mistral,Zeroshot,7,0.010244408249855064,0.21024440824985502,0.7795111835002899
318,Mistral,Zeroshot,7,0.14791695177555086,0.7,0.15208304822444915
319,Mistral,Zeroshot,7,0.0,0.12476611137390137,0.8752338886260986
320,Mistral,Zeroshot,6,0.0,0.059979379177093506,0.9400206208229065
321,Mistral,Zeroshot,6,0.0,0.027395695447921753,0.9726043045520782
322,Mistral,Zeroshot,6,0.0,0.012869268655776978,0.987130731344223
323,Mistral,Zeroshot,7,0.0,0.19065004587173462,0.8093499541282654
324,Mistral,Zeroshot,6,0.0,0.16972991824150085,0.8302700817584991
325,Mistral,Zeroshot,7,0.12549575567245486,0.7,0.17450424432754516
326,Mistral,Zeroshot,7,0.0,0.020738303661346436,0.9792616963386536
327,Mistral,Zeroshot,6,0.06668896377086642,0.26668896377086637,0.6666220724582672
328,Mistral,Zeroshot,6,0.13485374450683596,0.7,0.16514625549316406
329,Mistral,Zeroshot,7,0.0,0.07782599329948425,0.9221740067005157
330,Mistral,Zeroshot,7,0.0,0.19798976182937622,0.8020102381706238
331,Mistral,Zeroshot,7,0.0,0.04601645469665527,0.9539835453033447
332,Mistral,Zeroshot,7,0.0,0.004053890705108643,0.9959461092948914
333,Mistral,Zeroshot,7,0.0,0.06664985418319702,0.933350145816803
334,Mistral,Zeroshot,6,0.0,0.05187979340553284,0.9481202065944672
335,Mistral,Zeroshot,7,0.0,0.05836561322212219,0.9416343867778778
336,Mistral,Zeroshot,7,0.12633832693099978,0.7,0.17366167306900024
337,Mistral,Zeroshot,7,0.020392590761184715,0.22039259076118467,0.7592148184776306
338,Mistral,Zeroshot,7,0.13339425027370455,0.7,0.16660574972629547
339,Mistral,Zeroshot,7,0.06006322205066683,0.2600632220506668,0.6798735558986664
340,Mistral,Zeroshot,6,0.07764781415462496,0.2776478141546249,0.6447043716907501
341,Mistral,Zeroshot,6,0.0,0.07356452941894531,0.9264354705810547
342,Mistral,Zeroshot,7,0.0,0.00935414433479309,0.9906458556652069
343,Mistral,Zeroshot,6,0.14786676466464999,0.7,0.15213323533535003
344,Mistral,Zeroshot,6,0.02821912765502932,0.22821912765502927,0.7435617446899414
345,Mistral,Zeroshot,7,0.0,0.0711500346660614,0.9288499653339386
346,Mistral,Zeroshot,7,0.0,0.029726684093475342,0.9702733159065247
347,Mistral,Zeroshot,7,0.0,0.02779218554496765,0.9722078144550323
348,Mistral,Zeroshot,7,0.0,0.05680018663406372,0.9431998133659363
349,Mistral,Zeroshot,7,0.1245469391345978,0.42454693913459773,0.45090612173080447
350,Mistral,Zeroshot,7,0.06530951857566836,0.2653095185756683,0.6693809628486633
351,Mistral,Zeroshot,6,0.0,0.0948466956615448,0.9051533043384552
352,Mistral,Zeroshot,7,0.09913926720619204,0.299139267206192,0.601721465587616
353,Mistral,Zeroshot,6,0.10945219695568087,0.4094521969556808,0.48109560608863833
354,Mistral,Zeroshot,7,0.0,0.03676226735115051,0.9632377326488495
355,Mistral,Zeroshot,7,0.0,0.1264282464981079,0.8735717535018921
356,Mistral,Zeroshot,7,0.0,0.06159043312072754,0.9384095668792725
357,Mistral,Zeroshot,7,0.0,0.057383060455322266,0.9426169395446777
358,Mistral,Zeroshot,6,0.07408125102519991,0.27408125102519987,0.6518374979496002
359,Mistral,Zeroshot,7,0.0,0.1393352746963501,0.8606647253036499
360,Mistral,Zeroshot,6,0.07375680804252627,0.2737568080425262,0.6524863839149475
361,Mistral,Zeroshot,7,0.0,0.0973326563835144,0.9026673436164856
362,Mistral,Zeroshot,7,0.0,0.09587931632995605,0.904120683670044
363,Mistral,Zeroshot,6,0.0,0.057763904333114624,0.9422360956668854
364,Mistral,Zeroshot,7,0.0,0.03337663412094116,0.9666233658790588
365,Mistral,Zeroshot,6,0.11273589134216311,0.41273589134216304,0.47452821731567385
366,Mistral,Zeroshot,7,0.0,0.006700962781906128,0.9932990372180939
367,Mistral,Zeroshot,7,0.14428911507129671,0.7,0.1557108849287033
368,Mistral,Zeroshot,7,0.0,0.1591680645942688,0.8408319354057312
369,Mistral,Zeroshot,6,0.0,0.04143306612968445,0.9585669338703156
370,Mistral,Zeroshot,6,0.12178150713443758,0.4217815071344375,0.4564369857311249
371,Mistral,Zeroshot,6,0.08857815861701968,0.28857815861701963,0.6228436827659607
372,Mistral,Zeroshot,6,0.09159196317195895,0.2915919631719589,0.6168160736560822
373,Mistral,Zeroshot,7,0.01949044466018679,0.21949044466018675,0.7610191106796265
374,Mistral,Zeroshot,7,0.0,0.015985041856765747,0.9840149581432343
375,Mistral,Zeroshot,7,0.0,0.009463220834732056,0.9905367791652679
376,Mistral,Zeroshot,6,0.0,0.06259298324584961,0.9374070167541504
377,Mistral,Zeroshot,6,0.00014267265796663597,0.2001426726579666,0.7997146546840668
378,Mistral,Zeroshot,6,0.0,0.1408529281616211,0.8591470718383789
379,Mistral,Zeroshot,6,0.0,0.11346656084060669,0.8865334391593933
380,Mistral,Zeroshot,6,0.0,0.11990943551063538,0.8800905644893646
381,Mistral,Zeroshot,7,0.12220413386821749,0.4222041338682174,0.4555917322635651
382,Mistral,Zeroshot,6,0.0,0.10534003376960754,0.8946599662303925
383,Mistral,Zeroshot,6,0.13681128025054934,0.7,0.16318871974945068
384,Mistral,Zeroshot,7,0.0016351282596588357,0.2016351282596588,0.7967297434806824
385,Mistral,Zeroshot,7,0.0,0.19981229305267334,0.8001877069473267
386,Mistral,Zeroshot,7,0.12398294508457186,0.4239829450845718,0.45203410983085635
387,Mistral,Zeroshot,6,0.0,0.027783602476119995,0.97221639752388
388,Mistral,Zeroshot,6,0.0,0.1373041272163391,0.8626958727836609
389,Mistral,Zeroshot,6,0.023058378696441673,0.22305837869644163,0.7538832426071167
390,Mistral,Zeroshot,7,0.0,0.15040510892868042,0.8495948910713196
391,Mistral,Zeroshot,7,0.007828646898269676,0.20782864689826963,0.7843427062034607
392,Mistral,Zeroshot,6,0.02146227061748507,0.22146227061748502,0.7570754587650299
393,Mistral,Zeroshot,7,0.0,0.07094886898994446,0.9290511310100555
394,Mistral,Zeroshot,7,0.0682044714689255,0.26820447146892545,0.663591057062149
395,Mistral,Zeroshot,7,0.0,0.12461197376251221,0.8753880262374878
396,Mistral,Zeroshot,6,0.09364216923713686,0.2936421692371368,0.6127156615257263
397,Mistral,Zeroshot,7,0.13803482949733736,0.7,0.16196517050266265
398,Mistral,Zeroshot,6,0.0,0.11958423256874084,0.8804157674312592
399,Mistral,Zeroshot,7,0.0,0.014016836881637573,0.9859831631183624
400,Mistral,Zeroshot,6,0.037291580438613914,0.23729158043861387,0.7254168391227722
401,Mistral,Zeroshot,7,0.009902828931808494,0.20990282893180845,0.7801943421363831
402,Mistral,Zeroshot,7,0.0,0.07220390439033508,0.9277960956096649
403,Mistral,Zeroshot,7,0.0,0.1434360146522522,0.8565639853477478
404,Mistral,Zeroshot,6,0.012201899290084861,0.21220189929008482,0.7755962014198303
405,Mistral,Zeroshot,7,0.0,0.17286637425422668,0.8271336257457733
406,Mistral,Zeroshot,6,0.0,0.07979291677474976,0.9202070832252502
407,Mistral,Zeroshot,6,0.0,0.175573468208313,0.824426531791687
408,Mistral,Zeroshot,7,0.0,0.11245954036712646,0.8875404596328735
409,Mistral,Zeroshot,6,0.05255422890186312,0.2525542289018631,0.6948915421962738
410,Mistral,Zeroshot,6,0.0,0.17395994067192078,0.8260400593280792
411,Mistral,Zeroshot,7,0.0,0.05666476488113403,0.943335235118866
412,Mistral,Zeroshot,7,0.07280212044715884,0.2728021204471588,0.6543957591056824
413,Mistral,Zeroshot,7,0.032947787642478965,0.23294778764247892,0.7341044247150421
414,Mistral,Zeroshot,6,0.0,0.059832215309143066,0.9401677846908569
415,Mistral,Zeroshot,7,0.09246712327003481,0.29246712327003477,0.6150657534599304
416,Mistral,Zeroshot,6,0.03795563578605654,0.2379556357860565,0.724088728427887
417,Mistral,Zeroshot,7,0.04614215493202212,0.24614215493202207,0.7077156901359558
418,Mistral,Zeroshot,7,0.09890500605106356,0.2989050060510635,0.6021899878978729
419,Mistral,Zeroshot,7,0.0,0.022037208080291748,0.9779627919197083
420,Mistral,Zeroshot,6,0.0,0.12594860792160034,0.8740513920783997
421,Mistral,Zeroshot,7,0.0,0.06408065557479858,0.9359193444252014
422,Mistral,Zeroshot,7,0.03476064801216128,0.23476064801216123,0.7304787039756775
423,Mistral,Zeroshot,6,0.0,0.18966197967529297,0.810338020324707
424,Mistral,Zeroshot,6,0.0,0.1743261218070984,0.8256738781929016
425,Mistral,Zeroshot,7,0.0,0.07670179009437561,0.9232982099056244
426,Mistral,Zeroshot,7,0.003748932480812095,0.20374893248081205,0.7925021350383759
427,Mistral,Zeroshot,6,0.0967822462320328,0.29678224623203275,0.6064355075359344
428,Mistral,Zeroshot,7,0.1463737577199936,0.7,0.1536262422800064
429,Mistral,Zeroshot,6,0.0,0.043054789304733276,0.9569452106952667
430,Mistral,Zeroshot,7,0.02243562936782839,0.22243562936782835,0.7551287412643433
431,Mistral,Zeroshot,7,0.10737189054489138,0.4073718905448913,0.4852562189102173
432,Mistral,Zeroshot,7,0.0,0.027311742305755615,0.9726882576942444
433,Mistral,Zeroshot,7,0.0,0.1638995110988617,0.8361004889011383
434,Mistral,Zeroshot,7,0.0,0.04043233394622803,0.959567666053772
435,Mistral,Zeroshot,6,0.07611838877201083,0.2761183887720108,0.6477632224559784
436,Mistral,Zeroshot,7,0.05513095259666445,0.2551309525966644,0.6897380948066711
437,Mistral,Zeroshot,7,0.0,0.14068925380706787,0.8593107461929321
438,Mistral,Zeroshot,6,0.09726963341236117,0.2972696334123611,0.6054607331752777
439,Mistral,Zeroshot,7,0.08017670512199404,0.280176705121994,0.639646589756012
440,Mistral,Zeroshot,7,0.11061076223850252,0.41061076223850246,0.478778475522995
441,Mistral,Zeroshot,7,0.0,0.03081950545310974,0.9691804945468903
442,Mistral,Zeroshot,5,0.0,0.0565093457698822,0.9434906542301178
443,Mistral,Zeroshot,6,0.06145926713943484,0.2614592671394348,0.6770814657211304
444,Mistral,Zeroshot,7,0.0,0.041919708251953125,0.9580802917480469
445,Mistral,Zeroshot,6,0.0,0.06828516721725464,0.9317148327827454
446,Mistral,Zeroshot,7,0.0,0.10342481732368469,0.8965751826763153
447,Mistral,Zeroshot,6,0.061738097667694114,0.26173809766769407,0.6765238046646118
448,Mistral,Zeroshot,7,0.0,0.03400951623916626,0.9659904837608337
449,Mistral,Zeroshot,6,0.1353705018758774,0.7,0.16462949812412261
450,Mistral,Zeroshot,6,0.14429465830326083,0.7,0.1557053416967392
451,Mistral,Zeroshot,7,0.038421311974525474,0.23842131197452543,0.7231573760509491
452,Mistral,Zeroshot,7,0.00953304171562197,0.20953304171562193,0.7809339165687561
453,Mistral,Zeroshot,7,0.060006970167160056,0.26000697016716,0.6799860596656799
454,Mistral,Zeroshot,7,0.0,0.03612443804740906,0.9638755619525909
455,Mistral,Zeroshot,7,0.020723709464073203,0.22072370946407316,0.7585525810718536
456,Mistral,Zeroshot,7,0.0,0.09842294454574585,0.9015770554542542
457,Mistral,Zeroshot,7,0.022082173824310325,0.22208217382431028,0.7558356523513794
458,Mistral,Zeroshot,7,0.12669485211372378,0.7,0.17330514788627624
459,Mistral,Zeroshot,7,0.12237057983875277,0.4223705798387527,0.45525884032249453
460,Mistral,Zeroshot,6,0.06042768955230715,0.2604276895523071,0.6791446208953857
461,Mistral,Zeroshot,7,0.0,0.1627086102962494,0.8372913897037506
462,Mistral,Zeroshot,7,0.05152585506439211,0.25152585506439207,0.6969482898712158
463,Mistral,Zeroshot,6,0.0,0.05852732062339783,0.9414726793766022
464,Mistral,Zeroshot,7,0.0,0.02465835213661194,0.9753416478633881
465,Mistral,Zeroshot,6,0.08049718439579012,0.2804971843957901,0.6390056312084198
466,Mistral,Zeroshot,7,0.0,0.02090585231781006,0.9790941476821899
467,Mistral,Zeroshot,7,0.0,0.16116619110107422,0.8388338088989258
468,Mistral,Zeroshot,7,0.0,0.010117679834365845,0.9898823201656342
