chain_id,model,method,num_emails,sentiment_neg,sentiment_neu,sentiment_pos
0,Mistral,Bare Llama8B,5,0.1288075089454651,0.7,0.1711924910545349
1,Mistral,Bare Llama8B,3,0.0,0.11062145233154297,0.889378547668457
2,Mistral,Bare Llama8B,6,0.15143834948539736,0.7,0.14856165051460266
3,Mistral,Bare Llama8B,2,0.992283299099654,0.007716700900346041,0.0
4,Mistral,Bare Llama8B,4,0.0,0.09306970238685608,0.9069302976131439
5,Mistral,Bare Llama8B,3,0.9976642830297351,0.0023357169702649117,0.0
6,Mistral,Bare Llama8B,2,0.9952324859332293,0.004767514066770673,0.0
7,Mistral,Bare Llama8B,3,0.06802869737148287,0.2680286973714828,0.6639426052570343
8,Mistral,Bare Llama8B,2,0.13716391623020174,0.7,0.16283608376979827
9,Mistral,Bare Llama8B,3,0.0,0.01057887077331543,0.9894211292266846
10,Mistral,Bare Llama8B,8,0.1433864325284958,0.7,0.1566135674715042
11,Mistral,Bare Llama8B,3,0.0,0.014610707759857178,0.9853892922401428
12,Mistral,Bare Llama8B,4,0.13144470155239107,0.7,0.16855529844760894
13,Mistral,Bare Llama8B,6,0.11507444977760317,0.4150744497776031,0.4698511004447937
14,Mistral,Bare Llama8B,2,0.1508741915225983,0.7,0.14912580847740173
15,Mistral,Bare Llama8B,7,0.14687664210796358,0.7,0.15312335789203643
16,Mistral,Bare Llama8B,4,0.024952577054500602,0.22495257705450056,0.7500948458909988
17,Mistral,Bare Llama8B,4,0.04897070825099947,0.24897070825099943,0.7020585834980011
18,Mistral,Bare Llama8B,4,0.06673751175403597,0.2667375117540359,0.6665249764919281
19,Mistral,Bare Llama8B,3,0.03843587040901186,0.23843587040901182,0.7231282591819763
20,Mistral,Bare Llama8B,2,0.13674999177455904,0.7,0.16325000822544097
21,Mistral,Bare Llama8B,4,0.0,0.010327041149139404,0.9896729588508606
22,Mistral,Bare Llama8B,7,0.14832944571971896,0.7,0.15167055428028106
23,Mistral,Bare Llama8B,5,0.06163994371891024,0.2616399437189102,0.6767201125621796
24,Mistral,Bare Llama8B,17,0.0,0.06482096016407013,0.9351790398359299
25,Mistral,Bare Llama8B,5,0.07431749403476717,0.27431749403476713,0.6513650119304657
26,Mistral,Bare Llama8B,8,0.0,0.0031893551349639893,0.996810644865036
27,Mistral,Bare Llama8B,5,0.0,0.02150338888168335,0.9784966111183167
28,Mistral,Bare Llama8B,6,0.14449929594993594,0.7,0.15550070405006408
29,Mistral,Bare Llama8B,6,0.0,0.12351307272911072,0.8764869272708893
30,Mistral,Bare Llama8B,6,0.042031222581863426,0.24203122258186338,0.7159375548362732
31,Mistral,Bare Llama8B,9,0.021700219810009025,0.22170021981000898,0.756599560379982
32,Mistral,Bare Llama8B,2,0.0,0.04042315483093262,0.9595768451690674
33,Mistral,Bare Llama8B,12,0.15088572502136233,0.7,0.1491142749786377
34,Mistral,Bare Llama8B,9,0.1035280764102936,0.40352807641029353,0.49294384717941286
35,Mistral,Bare Llama8B,5,0.0,0.005888462066650391,0.9941115379333496
36,Mistral,Bare Llama8B,4,0.8401476702420041,0.1598523297579959,0.0
37,Mistral,Bare Llama8B,4,0.11817812323570254,0.41817812323570247,0.463643753528595
38,Mistral,Bare Llama8B,3,0.16114528817124663,0.7194273559143767,0.11942735591437667
39,Mistral,Bare Llama8B,3,0.0,0.13432416319847107,0.8656758368015289
40,Mistral,Bare Llama8B,2,0.04371897280216219,0.24371897280216215,0.7125620543956757
41,Mistral,Bare Llama8B,4,0.064618656039238,0.26461865603923795,0.670762687921524
42,Mistral,Bare Llama8B,4,0.9631949828471988,0.036805017152801156,0.0
43,Mistral,Bare Llama8B,3,0.06969652473926546,0.2696965247392654,0.6606069505214691
44,Mistral,Bare Llama8B,5,0.12438083589076998,0.4243808358907699,0.4512383282184601
45,Mistral,Bare Llama8B,1,0.0,0.025341004133224487,0.9746589958667755
46,Mistral,Bare Llama8B,2,0.13014268279075625,0.7,0.16985731720924377
47,Mistral,Bare Llama8B,2,0.06690100729465487,0.2669010072946548,0.6661979854106903
48,Mistral,Bare Llama8B,4,0.9755365313030779,0.024463468696922064,0.0
49,Mistral,Bare Llama8B,3,0.07485550045967104,0.274855500459671,0.650288999080658
50,Mistral,Bare Llama8B,1,0.14431306123733523,0.7,0.1556869387626648
51,Mistral,Bare Llama8B,3,0.0,0.12883859872817993,0.8711614012718201
52,Mistral,Bare Llama8B,3,0.0,0.04341331124305725,0.9565866887569427
53,Mistral,Bare Llama8B,7,0.0,0.037583351135253906,0.9624166488647461
54,Mistral,Bare Llama8B,5,0.14009120464324953,0.7,0.15990879535675048
55,Mistral,Bare Llama8B,3,0.0,0.1254517138004303,0.8745482861995697
56,Mistral,Bare Llama8B,3,0.8246405199170113,0.17535948008298874,0.0
57,Mistral,Bare Llama8B,6,0.0,0.18341851234436035,0.8165814876556396
58,Mistral,Bare Llama8B,6,0.025869750976562522,0.22586975097656248,0.748260498046875
59,Mistral,Bare Llama8B,2,0.0,0.053484559059143066,0.9465154409408569
60,Mistral,Bare Llama8B,3,0.0,0.014341175556182861,0.9856588244438171
61,Mistral,Bare Llama8B,4,0.1478897571563721,0.7,0.15211024284362792
62,Mistral,Bare Llama8B,5,0.15343531370162966,0.7,0.14656468629837036
63,Mistral,Bare Llama8B,4,0.10714510977268221,0.40714510977268215,0.48570978045463564
64,Mistral,Bare Llama8B,5,0.0,0.047567129135131836,0.9524328708648682
65,Mistral,Bare Llama8B,6,0.16265148818492892,0.7,0.1373485118150711
66,Mistral,Bare Llama8B,2,0.7648197449743748,0.2175901275128126,0.01759012751281261
67,Mistral,Bare Llama8B,4,0.0,0.04256448149681091,0.9574355185031891
68,Mistral,Bare Llama8B,3,0.0,0.10047847032546997,0.89952152967453
69,Mistral,Bare Llama8B,4,0.9611537698656321,0.03884623013436794,0.0
70,Mistral,Bare Llama8B,5,0.0,0.010304898023605347,0.9896951019763947
71,Mistral,Bare Llama8B,5,0.026233339309692405,0.22623333930969236,0.7475333213806152
72,Mistral,Bare Llama8B,2,0.0,0.07165643572807312,0.9283435642719269
73,Mistral,Bare Llama8B,4,0.0,0.040026575326919556,0.9599734246730804
74,Mistral,Bare Llama8B,3,0.0,0.011070072650909424,0.9889299273490906
75,Mistral,Bare Llama8B,3,0.0,0.16287344694137573,0.8371265530586243
76,Mistral,Bare Llama8B,7,0.1442629784345627,0.7,0.1557370215654373
77,Mistral,Bare Llama8B,4,0.12238525748252871,0.42238525748252864,0.45522948503494265
78,Mistral,Bare Llama8B,2,0.0,0.05659687519073486,0.9434031248092651
79,Mistral,Bare Llama8B,5,0.0,0.03215581178665161,0.9678441882133484
80,Mistral,Bare Llama8B,2,0.14404674768447878,0.7,0.15595325231552123
81,Mistral,Bare Llama8B,5,0.0,0.01653611660003662,0.9834638833999634
82,Mistral,Bare Llama8B,4,0.0,0.1309901773929596,0.8690098226070404
83,Mistral,Bare Llama8B,6,0.03336019217967989,0.23336019217967985,0.7332796156406403
84,Mistral,Bare Llama8B,2,0.09273383915424349,0.29273383915424345,0.6145323216915131
85,Mistral,Bare Llama8B,2,0.9092876492068172,0.09071235079318285,0.0
86,Mistral,Bare Llama8B,5,0.0,0.022795289754867554,0.9772047102451324
87,Mistral,Bare Llama8B,2,0.12825050354003908,0.7,0.17174949645996093
88,Mistral,Bare Llama8B,5,0.02749774754047396,0.22749774754047392,0.7450045049190521
89,Mistral,Bare Llama8B,3,0.0,0.08847925066947937,0.9115207493305206
90,Mistral,Bare Llama8B,4,0.1064400911331177,0.40644009113311763,0.48711981773376467
91,Mistral,Bare Llama8B,5,0.1504362612962723,0.7,0.14956373870372772
92,Mistral,Bare Llama8B,4,0.08518044054508211,0.28518044054508207,0.6296391189098358
93,Mistral,Bare Llama8B,3,0.13921951651573183,0.7,0.16078048348426818
94,Mistral,Bare Llama8B,7,0.0,0.15394452214241028,0.8460554778575897
95,Mistral,Bare Llama8B,4,0.07584463953971865,0.2758446395397186,0.6483107209205627
96,Mistral,Bare Llama8B,6,0.0,0.07664495706558228,0.9233550429344177
97,Mistral,Bare Llama8B,4,0.0,0.0051340460777282715,0.9948659539222717
98,Mistral,Bare Llama8B,3,0.09617743790149691,0.29617743790149687,0.6076451241970062
99,Mistral,Bare Llama8B,4,0.0,0.043224483728408813,0.9567755162715912
100,Mistral,Bare Llama8B,7,0.0,0.1419515460729599,0.8580484539270401
101,Mistral,Bare Llama8B,3,0.06283525526523592,0.2628352552652359,0.6743294894695282
102,Mistral,Bare Llama8B,3,0.11295465528964999,0.4129546552896499,0.4740906894207001
103,Mistral,Bare Llama8B,7,0.0,0.11969965696334839,0.8803003430366516
104,Mistral,Bare Llama8B,3,0.0,0.08243852853775024,0.9175614714622498
105,Mistral,Bare Llama8B,3,0.0,0.05152532458305359,0.9484746754169464
106,Mistral,Bare Llama8B,5,0.14055016040802004,0.7,0.15944983959197997
107,Mistral,Bare Llama8B,5,0.0,0.07928386330604553,0.9207161366939545
108,Mistral,Bare Llama8B,6,0.07027255892753603,0.270272558927536,0.659454882144928
109,Mistral,Bare Llama8B,3,0.0,0.04949295520782471,0.9505070447921753
110,Mistral,Bare Llama8B,1,0.0,0.0030941665172576904,0.9969058334827423
111,Mistral,Bare Llama8B,4,0.10772032439708712,0.40772032439708705,0.48455935120582583
112,Mistral,Bare Llama8B,4,0.0,0.18685582280158997,0.81314417719841
113,Mistral,Bare Llama8B,3,0.15122347474098208,0.7,0.14877652525901794
114,Mistral,Bare Llama8B,2,0.0,0.018925070762634277,0.9810749292373657
115,Mistral,Bare Llama8B,4,0.0852604001760483,0.28526040017604826,0.6294791996479034
116,Mistral,Bare Llama8B,2,0.084903159737587,0.28490315973758695,0.630193680524826
117,Mistral,Bare Llama8B,3,0.022447773814201377,0.22244777381420133,0.7551044523715973
118,Mistral,Bare Llama8B,9,0.13070825636386874,0.7,0.16929174363613128
119,Mistral,Bare Llama8B,5,0.07876824736595156,0.2787682473659515,0.6424635052680969
120,Mistral,Bare Llama8B,7,0.016304740309715293,0.21630474030971525,0.7673905193805695
121,Mistral,Bare Llama8B,7,0.15584988296031954,0.7,0.14415011703968048
122,Mistral,Bare Llama8B,5,0.07353677749633791,0.27353677749633787,0.6529264450073242
123,Mistral,Bare Llama8B,4,0.0,0.044059813022613525,0.9559401869773865
124,Mistral,Bare Llama8B,6,0.0,0.15628394484519958,0.8437160551548004
125,Mistral,Bare Llama8B,4,0.1401600927114487,0.7,0.15983990728855133
126,Mistral,Bare Llama8B,2,0.0,0.1578320860862732,0.8421679139137268
127,Mistral,Bare Llama8B,4,0.026530215144157432,0.2265302151441574,0.7469395697116852
128,Mistral,Bare Llama8B,5,0.0,0.013185963034629822,0.9868140369653702
129,Mistral,Bare Llama8B,4,0.0,0.040077805519104004,0.959922194480896
130,Mistral,Bare Llama8B,4,0.08918208777904513,0.2891820877790451,0.6216358244419098
131,Mistral,Bare Llama8B,4,0.149925971031189,0.7,0.15007402896881103
132,Mistral,Bare Llama8B,3,0.0,0.1358414888381958,0.8641585111618042
133,Mistral,Bare Llama8B,3,0.14993905425071719,0.7,0.15006094574928283
134,Mistral,Bare Llama8B,3,0.0,0.09751841425895691,0.9024815857410431
135,Mistral,Bare Llama8B,4,0.0,0.0037096142768859863,0.996290385723114
136,Mistral,Bare Llama8B,3,0.019011908769607566,0.21901190876960752,0.7619761824607849
137,Mistral,Bare Llama8B,2,0.058791258931159995,0.25879125893115995,0.68241748213768
138,Mistral,Bare Llama8B,4,0.0,0.17959755659103394,0.8204024434089661
139,Mistral,Bare Llama8B,4,0.08577376008033755,0.2857737600803375,0.628452479839325
140,Mistral,Bare Llama8B,4,0.14023485183715823,0.7,0.1597651481628418
141,Mistral,Bare Llama8B,5,0.0,0.16072425246238708,0.8392757475376129
142,Mistral,Bare Llama8B,6,0.0,0.0829702615737915,0.9170297384262085
143,Mistral,Bare Llama8B,6,0.0,0.19033610820770264,0.8096638917922974
144,Mistral,Bare Llama8B,4,0.14438826739788058,0.7,0.15561173260211944
145,Mistral,Bare Llama8B,7,0.9784833350859117,0.021516664914088324,0.0
146,Mistral,Bare Llama8B,6,0.0,0.10197126865386963,0.8980287313461304
147,Mistral,Bare Llama8B,9,0.13883998394012453,0.7,0.16116001605987548
148,Mistral,Bare Llama8B,3,0.0,0.00593036413192749,0.9940696358680725
149,Mistral,Bare Llama8B,3,0.14812532961368563,0.7,0.1518746703863144
150,Mistral,Bare Llama8B,3,0.13266865313053133,0.7,0.16733134686946868
151,Mistral,Bare Llama8B,4,0.0,0.07455182075500488,0.9254481792449951
152,Mistral,Bare Llama8B,2,0.0,0.11592864990234375,0.8840713500976562
153,Mistral,Bare Llama8B,3,0.12511164844036105,0.7,0.17488835155963897
154,Mistral,Bare Llama8B,8,0.9769848044961691,0.02301519550383091,0.0
155,Mistral,Bare Llama8B,5,0.9964647884480655,0.0035352115519344807,0.0
156,Mistral,Bare Llama8B,2,0.0,0.022120356559753418,0.9778796434402466
157,Mistral,Bare Llama8B,3,0.0,0.15395721793174744,0.8460427820682526
158,Mistral,Bare Llama8B,8,0.9969999250024557,0.0030000749975442886,0.0
159,Mistral,Bare Llama8B,2,0.0,0.007220029830932617,0.9927799701690674
160,Mistral,Bare Llama8B,4,0.0,0.16426736116409302,0.835732638835907
161,Mistral,Bare Llama8B,11,0.15135052204132082,0.7,0.1486494779586792
162,Mistral,Bare Llama8B,4,0.14988892674446108,0.7,0.15011107325553893
163,Mistral,Bare Llama8B,3,0.09107213616371157,0.2910721361637115,0.6178557276725769
164,Mistral,Bare Llama8B,4,0.14884828925132754,0.7,0.15115171074867248
165,Mistral,Bare Llama8B,6,0.12555924952030184,0.7,0.17444075047969818
166,Mistral,Bare Llama8B,3,0.07092403769493105,0.270924037694931,0.6581519246101379
167,Mistral,Bare Llama8B,3,0.0,0.054346174001693726,0.9456538259983063
168,Mistral,Bare Llama8B,2,0.14835711717605593,0.7,0.1516428828239441
169,Mistral,Bare Llama8B,7,0.1519064545631409,0.7,0.14809354543685913
170,Mistral,Bare Llama8B,8,0.05473122894763949,0.25473122894763944,0.6905375421047211
171,Mistral,Bare Llama8B,6,0.0,0.05158957839012146,0.9484104216098785
172,Mistral,Bare Llama8B,2,0.09519174098968508,0.29519174098968504,0.6096165180206299
173,Mistral,Bare Llama8B,6,0.0,0.022483229637145996,0.977516770362854
174,Mistral,Bare Llama8B,3,0.7296496792696416,0.23517516036517916,0.035175160365179176
175,Mistral,Bare Llama8B,4,0.06369636356830599,0.26369636356830595,0.6726072728633881
176,Mistral,Bare Llama8B,2,0.0,0.01090085506439209,0.9890991449356079
177,Mistral,Bare Llama8B,3,0.12923472523689272,0.7,0.1707652747631073
178,Mistral,Bare Llama8B,4,0.0,0.11723342537879944,0.8827665746212006
179,Mistral,Bare Llama8B,3,0.0,0.0633893609046936,0.9366106390953064
180,Mistral,Bare Llama8B,7,0.0,0.16592058539390564,0.8340794146060944
181,Mistral,Bare Llama8B,5,0.1434339225292206,0.7,0.1565660774707794
182,Mistral,Bare Llama8B,11,0.9981067823246121,0.0018932176753878593,0.0
183,Mistral,Bare Llama8B,3,0.15344663858413699,0.7,0.14655336141586303
184,Mistral,Bare Llama8B,4,0.14978455901145937,0.7,0.15021544098854064
185,Mistral,Bare Llama8B,10,0.08987311422824862,0.2898731142282486,0.6202537715435028
186,Mistral,Bare Llama8B,6,0.0,0.17247983813285828,0.8275201618671417
187,Mistral,Bare Llama8B,6,0.11888418495655062,0.41888418495655055,0.4622316300868988
188,Mistral,Bare Llama8B,2,0.0,0.16676941514015198,0.833230584859848
189,Mistral,Bare Llama8B,2,0.0,0.0141620934009552,0.9858379065990448
190,Mistral,Bare Llama8B,4,0.9112058649770916,0.08879413502290845,0.0
191,Mistral,Bare Llama8B,6,0.9951969804242253,0.00480301957577467,0.0
192,Mistral,Bare Llama8B,3,0.0,0.14301499724388123,0.8569850027561188
193,Mistral,Bare Llama8B,3,0.9738187324255705,0.026181267574429512,0.0
194,Mistral,Bare Llama8B,7,0.08513320386409762,0.2851332038640976,0.6297335922718048
195,Mistral,Bare Llama8B,3,0.10263190567493441,0.40263190567493434,0.49473618865013125
196,Mistral,Bare Llama8B,5,0.0,0.04271534085273743,0.9572846591472626
197,Mistral,Bare Llama8B,4,0.028197073936462425,0.22819707393646238,0.7436058521270752
198,Mistral,Bare Llama8B,7,0.021760189533233665,0.22176018953323362,0.7564796209335327
199,Mistral,Bare Llama8B,8,0.9964792496757582,0.003520750324241817,0.0
200,Mistral,Bare Llama8B,5,0.10728189870715144,0.40728189870715137,0.4854362025856972
201,Mistral,Bare Llama8B,7,0.0,0.11667945981025696,0.883320540189743
202,Mistral,Bare Llama8B,4,0.0,0.08543556928634644,0.9145644307136536
203,Mistral,Bare Llama8B,3,0.08415606021881106,0.284156060218811,0.6316878795623779
204,Mistral,Bare Llama8B,4,0.09828137755393984,0.2982813775539398,0.6034372448921204
205,Mistral,Bare Llama8B,7,0.0,0.036104053258895874,0.9638959467411041
206,Mistral,Bare Llama8B,5,0.06276851296424868,0.26276851296424864,0.6744629740715027
207,Mistral,Bare Llama8B,2,0.15262053310871126,0.7,0.14737946689128875
208,Mistral,Bare Llama8B,6,0.029151418805122398,0.22915141880512235,0.7416971623897552
209,Mistral,Bare Llama8B,5,0.0,0.005130112171173096,0.9948698878288269
210,Mistral,Bare Llama8B,7,0.1274831533432007,0.7,0.1725168466567993
211,Mistral,Bare Llama8B,6,0.12529616951942446,0.7,0.17470383048057556
212,Mistral,Bare Llama8B,3,0.17330677770078184,0.7,0.12669322229921817
213,Mistral,Bare Llama8B,2,0.0,0.15997013449668884,0.8400298655033112
214,Mistral,Bare Llama8B,4,0.9653618545271456,0.034638145472854376,0.0
215,Mistral,Bare Llama8B,5,0.04046038687229159,0.24046038687229154,0.7190792262554169
216,Mistral,Bare Llama8B,5,0.11967449784278872,0.41967449784278865,0.46065100431442263
217,Mistral,Bare Llama8B,2,0.03487882912158968,0.23487882912158964,0.7302423417568207
218,Mistral,Bare Llama8B,5,0.17233141416218134,0.7,0.12766858583781868
219,Mistral,Bare Llama8B,6,0.10974738895893099,0.4097473889589309,0.4805052220821381
220,Mistral,Bare Llama8B,9,0.0,0.0669206976890564,0.9330793023109436
221,Mistral,Bare Llama8B,7,0.0,0.09128499031066895,0.908715009689331
222,Mistral,Bare Llama8B,9,0.0,0.16633108258247375,0.8336689174175262
223,Mistral,Bare Llama8B,2,0.1139433026313782,0.41394330263137813,0.4721133947372437
224,Mistral,Bare Llama8B,2,0.0,0.022096693515777588,0.9779033064842224
225,Mistral,Bare Llama8B,8,0.010049679875373863,0.21004967987537382,0.7799006402492523
226,Mistral,Bare Llama8B,5,0.02114784121513369,0.22114784121513364,0.7577043175697327
227,Mistral,Bare Llama8B,6,0.14075138568878176,0.7,0.15924861431121826
228,Mistral,Bare Llama8B,7,0.00029011964797975853,0.20029011964797971,0.7994197607040405
229,Mistral,Bare Llama8B,5,0.9241723353043199,0.07582766469568014,0.0
230,Mistral,Bare Llama8B,6,0.15115305185317995,0.7,0.14884694814682006
231,Mistral,Bare Llama8B,5,0.042373651266098045,0.242373651266098,0.715252697467804
232,Mistral,Bare Llama8B,4,0.02858933210372927,0.22858933210372923,0.7428213357925415
233,Mistral,Bare Llama8B,4,0.0,0.0486316978931427,0.9513683021068573
234,Mistral,Bare Llama8B,4,0.0,0.13583976030349731,0.8641602396965027
235,Mistral,Bare Llama8B,4,0.08420015275478365,0.2842001527547836,0.6315996944904327
236,Mistral,Bare Llama8B,3,0.0705780476331711,0.27057804763317106,0.6588439047336578
237,Mistral,Bare Llama8B,2,0.0,0.058980196714401245,0.9410198032855988
238,Mistral,Bare Llama8B,8,0.842090867459774,0.15790913254022598,0.0
239,Mistral,Bare Llama8B,2,0.14663451313972475,0.7,0.15336548686027526
240,Mistral,Bare Llama8B,7,0.07326512932777407,0.273265129327774,0.6534697413444519
241,Mistral,Bare Llama8B,2,0.9811888999538496,0.018811100046150386,0.0
242,Mistral,Bare Llama8B,4,0.008414664864540122,0.20841466486454008,0.7831706702709198
243,Mistral,Bare Llama8B,5,0.9991327415336855,0.0008672584663145244,0.0
244,Mistral,Bare Llama8B,19,0.6661543924128637,0.26692280379356814,0.06692280379356816
245,Mistral,Bare Llama8B,5,0.1241678833961487,0.42416788339614864,0.45166423320770266
246,Mistral,Bare Llama8B,3,0.0,0.017746329307556152,0.9822536706924438
247,Mistral,Bare Llama8B,5,0.15171852111816408,0.7,0.14828147888183593
248,Mistral,Bare Llama8B,3,0.0,0.10812222957611084,0.8918777704238892
249,Mistral,Bare Llama8B,2,0.0,0.048563748598098755,0.9514362514019012
250,Mistral,Bare Llama8B,8,0.0,0.017747938632965088,0.9822520613670349
251,Mistral,Bare Llama8B,3,0.0,0.06391575932502747,0.9360842406749725
252,Mistral,Bare Llama8B,6,0.9150197990238667,0.08498020097613335,0.0
253,Mistral,Bare Llama8B,3,0.0,0.15273210406303406,0.8472678959369659
254,Mistral,Bare Llama8B,2,0.0,0.015800029039382935,0.9841999709606171
255,Mistral,Bare Llama8B,4,0.028392949700355552,0.2283929497003555,0.7432141005992889
256,Mistral,Bare Llama8B,6,0.9918916271999478,0.008108372800052166,0.0
257,Mistral,Bare Llama8B,4,0.0,0.12123799324035645,0.8787620067596436
258,Mistral,Bare Llama8B,2,0.07777617275714876,0.2777761727571487,0.6444476544857025
259,Mistral,Bare Llama8B,4,0.0,0.15408530831336975,0.8459146916866302
260,Mistral,Bare Llama8B,4,0.09577221572399142,0.29577221572399137,0.6084555685520172
261,Mistral,Bare Llama8B,5,0.07124117910861971,0.27124117910861967,0.6575176417827606
262,Mistral,Bare Llama8B,11,0.1059375196695328,0.40593751966953273,0.48812496066093447
263,Mistral,Bare Llama8B,9,0.018687286972999595,0.21868728697299955,0.7626254260540009
264,Mistral,Bare Llama8B,5,0.14981370568275454,0.7,0.15018629431724548
265,Mistral,Bare Llama8B,5,0.042063289880752586,0.24206328988075254,0.7158734202384949
266,Mistral,Bare Llama8B,5,0.0,0.05459386110305786,0.9454061388969421
267,Mistral,Bare Llama8B,3,0.06413402557373049,0.26413402557373045,0.6717319488525391
268,Mistral,Bare Llama8B,5,0.14952407181262972,0.7,0.1504759281873703
269,Mistral,Bare Llama8B,4,0.06168111562728884,0.2616811156272888,0.6766377687454224
270,Mistral,Bare Llama8B,3,0.14875870347023012,0.7,0.1512412965297699
271,Mistral,Bare Llama8B,2,0.06413208842277529,0.26413208842277525,0.6717358231544495
272,Mistral,Bare Llama8B,5,0.7488978066248819,0.22555109668755902,0.025551096687559033
273,Mistral,Bare Llama8B,3,0.13563891649246218,0.7,0.16436108350753784
274,Mistral,Bare Llama8B,3,0.00461467504501345,0.2046146750450134,0.7907706499099731
275,Mistral,Bare Llama8B,3,0.1442843317985535,0.7,0.15571566820144653
276,Mistral,Bare Llama8B,4,0.12769647836685183,0.7,0.1723035216331482
277,Mistral,Bare Llama8B,8,0.1501955330371857,0.7,0.14980446696281433
278,Mistral,Bare Llama8B,2,0.1006589472293854,0.40065894722938533,0.49868210554122927
279,Mistral,Bare Llama8B,8,0.0,0.09112194180488586,0.9088780581951141
280,Mistral,Bare Llama8B,4,0.0,0.03969338536262512,0.9603066146373749
281,Mistral,Bare Llama8B,7,0.07471890151500704,0.274718901515007,0.650562196969986
282,Mistral,Bare Llama8B,2,0.1499232739210129,0.7,0.15007672607898712
283,Mistral,Bare Llama8B,5,0.0,0.1620195209980011,0.8379804790019989
284,Mistral,Bare Llama8B,2,0.1504275590181351,0.7,0.14957244098186492
285,Mistral,Bare Llama8B,5,0.11736840903759005,0.41736840903759,0.46526318192481997
286,Mistral,Bare Llama8B,5,0.0,0.14419862627983093,0.8558013737201691
287,Mistral,Bare Llama8B,4,0.13950695991516116,0.7,0.16049304008483886
288,Mistral,Bare Llama8B,3,0.0,0.038056254386901855,0.9619437456130981
289,Mistral,Bare Llama8B,4,0.12963809967041018,0.7,0.17036190032958984
290,Mistral,Bare Llama8B,4,0.1284016311168671,0.7,0.17159836888313293
291,Mistral,Bare Llama8B,4,0.027739235758781455,0.2277392357587814,0.7445215284824371
292,Mistral,Bare Llama8B,4,0.1506910562515259,0.7,0.14930894374847412
293,Mistral,Bare Llama8B,2,0.0,0.018096208572387695,0.9819037914276123
294,Mistral,Bare Llama8B,2,0.12222413122653963,0.42222413122653957,0.4555517375469208
295,Mistral,Bare Llama8B,4,0.0,0.011313945055007935,0.9886860549449921
296,Mistral,Bare Llama8B,2,0.0,0.07146561145782471,0.9285343885421753
297,Mistral,Bare Llama8B,6,0.10613020658493044,0.4061302065849304,0.4877395868301392
298,Mistral,Bare Llama8B,8,0.07060214281082156,0.2706021428108215,0.6587957143783569
299,Mistral,Bare Llama8B,6,0.13178075253963473,0.7,0.1682192474603653
300,Mistral,Bare Llama8B,3,0.023589381575584434,0.2235893815755844,0.7528212368488312
301,Mistral,Bare Llama8B,8,0.09997276365756991,0.29997276365756986,0.6000544726848602
302,Mistral,Bare Llama8B,11,0.13048880696296694,0.7,0.16951119303703308
303,Mistral,Bare Llama8B,4,0.13841506242752077,0.7,0.16158493757247924
304,Mistral,Bare Llama8B,2,0.0,0.07173258066177368,0.9282674193382263
305,Mistral,Bare Llama8B,5,0.11964563429355624,0.41964563429355617,0.4607087314128876
306,Mistral,Bare Llama8B,9,0.07232698202133181,0.27232698202133176,0.6553460359573364
307,Mistral,Bare Llama8B,6,0.14967131018638613,0.7,0.15032868981361389
308,Mistral,Bare Llama8B,3,0.06653427481651308,0.26653427481651304,0.6669314503669739
309,Mistral,Bare Llama8B,4,0.1505508363246918,0.7,0.14944916367530822
310,Mistral,Bare Llama8B,3,0.0944718658924103,0.29447186589241026,0.6110562682151794
311,Mistral,Bare Llama8B,10,0.04076401293277743,0.24076401293277738,0.7184719741344452
312,Mistral,Bare Llama8B,10,0.0,0.17456650733947754,0.8254334926605225
313,Mistral,Bare Llama8B,8,0.021436432003974937,0.2214364320039749,0.7571271359920502
314,Mistral,Bare Llama8B,6,0.0,0.16196197271347046,0.8380380272865295
315,Mistral,Bare Llama8B,2,0.0,0.029850691556930542,0.9701493084430695
316,Mistral,Bare Llama8B,6,0.02022252380847933,0.2202225238084793,0.7595549523830414
317,Mistral,Bare Llama8B,4,0.0,0.11704280972480774,0.8829571902751923
318,Mistral,Bare Llama8B,4,0.66118103871122,0.26940948064438996,0.06940948064438998
319,Mistral,Bare Llama8B,2,0.0,0.06755965948104858,0.9324403405189514
320,Mistral,Bare Llama8B,6,0.06656516492366793,0.2665651649236679,0.6668696701526642
321,Mistral,Bare Llama8B,5,0.9175498262047768,0.08245017379522324,0.0
322,Mistral,Bare Llama8B,4,0.0,0.12286975979804993,0.8771302402019501
323,Mistral,Bare Llama8B,5,0.14504040181636813,0.7,0.1549595981836319
324,Mistral,Bare Llama8B,6,0.13483200371265414,0.7,0.16516799628734588
325,Mistral,Bare Llama8B,5,0.9665155448019505,0.033484455198049545,0.0
326,Mistral,Bare Llama8B,4,0.13997008800506594,0.7,0.16002991199493408
327,Mistral,Bare Llama8B,5,0.9494433589279652,0.050556641072034836,0.0
328,Mistral,Bare Llama8B,8,0.0,0.00886276364326477,0.9911372363567352
329,Mistral,Bare Llama8B,3,0.14946059286594393,0.7,0.15053940713405609
330,Mistral,Bare Llama8B,5,0.0,0.18581697344779968,0.8141830265522003
331,Mistral,Bare Llama8B,3,0.0,0.12021458148956299,0.879785418510437
332,Mistral,Bare Llama8B,3,0.0,0.04895395040512085,0.9510460495948792
333,Mistral,Bare Llama8B,4,0.1499024569988251,0.7,0.15009754300117492
334,Mistral,Bare Llama8B,6,0.14920372664928438,0.7,0.15079627335071563
335,Mistral,Bare Llama8B,3,0.12693453729152682,0.7,0.1730654627084732
336,Mistral,Bare Llama8B,3,0.13495353758335116,0.7,0.16504646241664886
337,Mistral,Bare Llama8B,5,0.11021521091461184,0.41021521091461177,0.4795695781707764
338,Mistral,Bare Llama8B,4,0.8774792607873678,0.12252073921263218,0.0
339,Mistral,Bare Llama8B,3,0.0,0.007433712482452393,0.9925662875175476
340,Mistral,Bare Llama8B,3,0.14020497500896456,0.7,0.15979502499103546
341,Mistral,Bare Llama8B,4,0.007696816325187705,0.20769681632518766,0.7846063673496246
342,Mistral,Bare Llama8B,7,0.9861238370649517,0.013876162935048342,0.0
343,Mistral,Bare Llama8B,5,0.08915992975234988,0.28915992975234983,0.6216801404953003
344,Mistral,Bare Llama8B,4,0.02564748525619509,0.22564748525619505,0.7487050294876099
345,Mistral,Bare Llama8B,7,0.9988014377886429,0.001198562211357057,0.0
346,Mistral,Bare Llama8B,2,0.9924546143738553,0.007545385626144707,0.0
347,Mistral,Bare Llama8B,8,0.0,0.09458628296852112,0.9054137170314789
348,Mistral,Bare Llama8B,3,0.13541648685932162,0.7,0.1645835131406784
349,Mistral,Bare Llama8B,7,0.0,0.15841758251190186,0.8415824174880981
350,Mistral,Bare Llama8B,6,0.12454538941383364,0.4245453894138336,0.4509092211723328
351,Mistral,Bare Llama8B,6,0.0,0.03675892949104309,0.9632410705089569
352,Mistral,Bare Llama8B,4,0.15049595534801485,0.7,0.14950404465198516
353,Mistral,Bare Llama8B,6,0.9978717733174562,0.0021282266825437546,0.0
354,Mistral,Bare Llama8B,2,0.1277687191963196,0.7,0.17223128080368041
355,Mistral,Bare Llama8B,4,0.1357720732688904,0.7,0.1642279267311096
356,Mistral,Bare Llama8B,7,0.0658977344632149,0.26589773446321485,0.6682045310735703
357,Mistral,Bare Llama8B,2,0.0,0.03578144311904907,0.9642185568809509
358,Mistral,Bare Llama8B,2,0.0,0.11889901757240295,0.881100982427597
359,Mistral,Bare Llama8B,2,0.0,0.024794578552246094,0.9752054214477539
360,Mistral,Bare Llama8B,3,0.13731519281864168,0.7,0.16268480718135833
361,Mistral,Bare Llama8B,5,0.03091370463371279,0.23091370463371275,0.7381725907325745
362,Mistral,Bare Llama8B,4,0.0,0.08690816164016724,0.9130918383598328
363,Mistral,Bare Llama8B,6,0.9975086213089526,0.00249137869104743,0.0
364,Mistral,Bare Llama8B,3,0.15258417427539828,0.7,0.14741582572460174
365,Mistral,Bare Llama8B,3,0.9525278452783823,0.0474721547216177,0.0
366,Mistral,Bare Llama8B,5,0.13713453114032748,0.7,0.16286546885967254
367,Mistral,Bare Llama8B,8,0.0029143482446670754,0.20291434824466703,0.7941713035106659
368,Mistral,Bare Llama8B,2,0.08318003416061404,0.283180034160614,0.633639931678772
369,Mistral,Bare Llama8B,4,0.0,0.13326677680015564,0.8667332231998444
370,Mistral,Bare Llama8B,3,0.11886426210403445,0.4188642621040344,0.4622714757919312
371,Mistral,Bare Llama8B,12,0.08920542299747469,0.28920542299747465,0.6215891540050507
372,Mistral,Bare Llama8B,5,0.14705356359481814,0.7,0.15294643640518188
373,Mistral,Bare Llama8B,2,0.0,0.04309770464897156,0.9569022953510284
374,Mistral,Bare Llama8B,5,0.14530135095119479,0.7,0.15469864904880523
375,Mistral,Bare Llama8B,6,0.07796801030635836,0.2779680103063583,0.6440639793872833
376,Mistral,Bare Llama8B,5,0.0,0.18815788626670837,0.8118421137332916
377,Mistral,Bare Llama8B,9,0.0,0.18177372217178345,0.8182262778282166
378,Mistral,Bare Llama8B,4,0.0,0.11484047770500183,0.8851595222949982
379,Mistral,Bare Llama8B,4,0.0,0.06349694728851318,0.9365030527114868
380,Mistral,Bare Llama8B,4,0.09346888363361361,0.29346888363361356,0.6130622327327728
381,Mistral,Bare Llama8B,6,0.1484208792448044,0.7,0.1515791207551956
382,Mistral,Bare Llama8B,5,0.0,0.012243568897247314,0.9877564311027527
383,Mistral,Bare Llama8B,3,0.0,0.008171916007995605,0.9918280839920044
384,Mistral,Bare Llama8B,5,0.12388613224029543,0.42388613224029537,0.4522277355194092
385,Mistral,Bare Llama8B,4,0.10409536361694338,0.4040953636169433,0.4918092727661133
386,Mistral,Bare Llama8B,4,0.04415222406387331,0.24415222406387327,0.7116955518722534
387,Mistral,Bare Llama8B,8,0.14972899258136751,0.7,0.1502710074186325
388,Mistral,Bare Llama8B,2,0.0,0.13751009106636047,0.8624899089336395
389,Mistral,Bare Llama8B,4,0.12275201231241228,0.4227520123124122,0.4544959753751755
390,Mistral,Bare Llama8B,4,0.0,0.03377807140350342,0.9662219285964966
391,Mistral,Bare Llama8B,6,0.04045967161655428,0.24045967161655424,0.7190806567668915
392,Mistral,Bare Llama8B,7,0.10817172527313235,0.4081717252731323,0.4836565494537354
393,Mistral,Bare Llama8B,4,0.04246523380279543,0.2424652338027954,0.7150695323944092
394,Mistral,Bare Llama8B,11,0.0,0.05046847462654114,0.9495315253734589
395,Mistral,Bare Llama8B,7,0.0,0.011907637119293213,0.9880923628807068
396,Mistral,Bare Llama8B,5,0.03785818219184878,0.23785818219184873,0.7242836356163025
397,Mistral,Bare Llama8B,4,0.05374855697155001,0.25374855697154997,0.6925028860569
398,Mistral,Bare Llama8B,2,0.0,0.19743603467941284,0.8025639653205872
399,Mistral,Bare Llama8B,3,0.9688663445413113,0.031133655458688736,0.0
400,Mistral,Bare Llama8B,2,0.11032001078128817,0.4103200107812881,0.47935997843742373
401,Mistral,Bare Llama8B,8,0.15259952247142794,0.7,0.14740047752857208
402,Mistral,Bare Llama8B,7,0.1423517554998398,0.7,0.1576482445001602
403,Mistral,Bare Llama8B,3,0.1033720910549164,0.40337209105491634,0.49325581789016726
404,Mistral,Bare Llama8B,5,0.043563836812973045,0.243563836812973,0.712872326374054
405,Mistral,Bare Llama8B,4,0.14366968870162966,0.7,0.15633031129837036
406,Mistral,Bare Llama8B,5,0.13376755416393282,0.7,0.1662324458360672
407,Mistral,Bare Llama8B,4,0.9963124153437093,0.00368758465629071,0.0
408,Mistral,Bare Llama8B,4,0.0,0.0025371313095092773,0.9974628686904907
409,Mistral,Bare Llama8B,2,0.03789853453636172,0.23789853453636167,0.7242029309272766
410,Mistral,Bare Llama8B,3,0.10605742931365969,0.4060574293136596,0.4878851413726807
411,Mistral,Bare Llama8B,2,0.0,0.17526578903198242,0.8247342109680176
412,Mistral,Bare Llama8B,2,0.0,0.012047916650772095,0.9879520833492279
413,Mistral,Bare Llama8B,2,0.9842082471586764,0.015791752841323614,0.0
414,Mistral,Bare Llama8B,8,0.01979193985462191,0.21979193985462187,0.7604161202907562
415,Mistral,Bare Llama8B,3,0.10020659267902376,0.4002065926790237,0.49958681464195254
416,Mistral,Bare Llama8B,3,0.14080885946750643,0.7,0.15919114053249359
417,Mistral,Bare Llama8B,3,0.048452535271644614,0.24845253527164457,0.7030949294567108
418,Mistral,Bare Llama8B,5,0.0,0.024830371141433716,0.9751696288585663
419,Mistral,Bare Llama8B,6,0.02094138562679293,0.22094138562679289,0.7581172287464142
420,Mistral,Bare Llama8B,4,0.0,0.14731478691101074,0.8526852130889893
421,Mistral,Bare Llama8B,6,0.1387271821498871,0.7,0.1612728178501129
422,Mistral,Bare Llama8B,2,0.9962904865387827,0.003709513461217284,0.0
423,Mistral,Bare Llama8B,2,0.11851371228694918,0.4185137122869491,0.4629725754261017
424,Mistral,Bare Llama8B,5,0.06677083075046542,0.26677083075046537,0.6664583384990692
425,Mistral,Bare Llama8B,3,0.15079293549060824,0.7,0.14920706450939178
426,Mistral,Bare Llama8B,3,0.0,0.14790686964988708,0.8520931303501129
427,Mistral,Bare Llama8B,4,0.14827064573764803,0.7,0.15172935426235198
428,Mistral,Bare Llama8B,2,0.0,0.04491707682609558,0.9550829231739044
429,Mistral,Bare Llama8B,5,0.14990710616111758,0.7,0.15009289383888244
430,Mistral,Bare Llama8B,4,0.14471415579319002,0.7,0.15528584420681
431,Mistral,Bare Llama8B,5,0.149710887670517,0.7,0.15028911232948303
432,Mistral,Bare Llama8B,2,0.1506007105112076,0.7,0.14939928948879241
433,Mistral,Bare Llama8B,2,0.151230925321579,0.7,0.14876907467842101
434,Mistral,Bare Llama8B,5,0.14550829827785494,0.7,0.15449170172214508
435,Mistral,Bare Llama8B,6,0.0,0.037845730781555176,0.9621542692184448
436,Mistral,Bare Llama8B,5,0.09763374328613283,0.2976337432861328,0.6047325134277344
437,Mistral,Bare Llama8B,4,0.0,0.12276732921600342,0.8772326707839966
438,Mistral,Bare Llama8B,3,0.12877742350101473,0.7,0.17122257649898528
439,Mistral,Bare Llama8B,5,0.0,0.02666240930557251,0.9733375906944275
440,Mistral,Bare Llama8B,5,0.1600436955690384,0.7,0.1399563044309616
441,Mistral,Bare Llama8B,6,0.15220212340354922,0.7,0.1477978765964508
442,Mistral,Bare Llama8B,6,0.049701744318008445,0.2497017443180084,0.7005965113639832
443,Mistral,Bare Llama8B,2,0.0,0.005703568458557129,0.9942964315414429
444,Mistral,Bare Llama8B,3,8.032619953157738e-05,0.20008032619953153,0.7998393476009369
445,Mistral,Bare Llama8B,5,0.9012833563610911,0.09871664363890886,0.0
446,Mistral,Bare Llama8B,3,0.0,0.09157395362854004,0.90842604637146
447,Mistral,Bare Llama8B,9,0.1487841993570328,0.7,0.15121580064296722
448,Mistral,Bare Llama8B,4,0.8692889653611928,0.13071103463880718,0.0
449,Mistral,Bare Llama8B,2,0.0,0.1574527621269226,0.8425472378730774
450,Mistral,Bare Llama8B,5,0.11609412133693697,0.4160941213369369,0.4678117573261261
451,Mistral,Bare Llama8B,6,0.0,0.048643797636032104,0.9513562023639679
452,Mistral,Bare Llama8B,4,0.0,0.13776099681854248,0.8622390031814575
453,Mistral,Bare Llama8B,6,0.0,0.006438165903091431,0.9935618340969086
454,Mistral,Bare Llama8B,7,0.0853868216276169,0.28538682162761686,0.6292263567447662
455,Mistral,Bare Llama8B,5,0.0,0.1078481376171112,0.8921518623828888
456,Mistral,Bare Llama8B,2,0.03418492674827578,0.23418492674827573,0.7316301465034485
457,Mistral,Bare Llama8B,5,0.0,0.010259866714477539,0.9897401332855225
458,Mistral,Bare Llama8B,20,0.9886792795732617,0.011320720426738262,0.0
459,Mistral,Bare Llama8B,5,0.0,0.0473577082157135,0.9526422917842865
460,Mistral,Bare Llama8B,10,0.028087282180786155,0.2280872821807861,0.7438254356384277
461,Mistral,Bare Llama8B,5,0.0,0.09022101759910583,0.9097789824008942
462,Mistral,Bare Llama8B,8,0.0,0.011362135410308838,0.9886378645896912
463,Mistral,Bare Llama8B,2,0.0,0.1093582808971405,0.8906417191028595
464,Mistral,Bare Llama8B,4,0.03046216964721682,0.23046216964721677,0.7390756607055664
465,Mistral,Bare Llama8B,3,0.046950513124465965,0.24695051312446592,0.7060989737510681
466,Mistral,Bare Llama8B,3,0.07893929779529574,0.2789392977952957,0.6421214044094086
467,Mistral,Bare Llama8B,3,0.08722216784954073,0.2872221678495407,0.6255556643009186
468,Mistral,Bare Llama8B,1,0.993725529871881,0.006274470128118992,0.0
469,Mistral,Bare Llama8B,4,0.0,0.039449542760849,0.960550457239151
470,Mistral,Bare Llama8B,2,0.9996525438327808,0.0003474561672192067,0.0
471,Mistral,Bare Llama8B,5,0.15730967521667483,0.7,0.1426903247833252
472,Mistral,Bare Llama8B,4,0.004560256004333518,0.20456025600433347,0.790879487991333
473,Mistral,Bare Llama8B,4,0.022128754854202293,0.22212875485420225,0.7557424902915955
474,Mistral,Bare Llama8B,3,0.03838493824005129,0.23838493824005125,0.7232301235198975
475,Mistral,Bare Llama8B,5,0.0,0.07376080751419067,0.9262391924858093
476,Mistral,Bare Llama8B,2,0.0,0.005725681781768799,0.9942743182182312
477,Mistral,Bare Llama8B,4,0.7595843315066304,0.22020783424668477,0.02020783424668479
478,Mistral,Bare Llama8B,3,0.13362863063812258,0.7,0.16637136936187744
479,Mistral,Bare Llama8B,2,0.9858212848193944,0.01417871518060565,0.0
480,Mistral,Bare Llama8B,4,0.9080016389489174,0.09199836105108261,0.0
481,Mistral,Bare Llama8B,7,0.14264273047447207,0.7,0.15735726952552795
482,Mistral,Bare Llama8B,8,0.0,0.15893326699733734,0.8410667330026627
483,Mistral,Bare Llama8B,4,0.15106893479824068,0.7,0.14893106520175933
484,Mistral,Bare Llama8B,7,0.0,0.07848095893859863,0.9215190410614014
485,Mistral,Bare Llama8B,9,0.0,0.07227787375450134,0.9277221262454987
486,Mistral,Bare Llama8B,2,0.10178435742855074,0.4017843574285507,0.4964312851428986
487,Mistral,Bare Llama8B,6,0.12551661729812624,0.7,0.17448338270187377
488,Mistral,Bare Llama8B,7,0.0,0.0504952073097229,0.9495047926902771
489,Mistral,Bare Llama8B,5,0.16094749569892886,0.7,0.13905250430107116
490,Mistral,Bare Llama8B,4,0.0,0.006022065877914429,0.9939779341220856
491,Mistral,Bare Llama8B,4,0.14435295164585116,0.7,0.15564704835414886
492,Mistral,Bare Llama8B,5,0.15173927843570711,0.7,0.1482607215642929
493,Mistral,Bare Llama8B,3,0.0,0.08083131909370422,0.9191686809062958
494,Mistral,Bare Llama8B,3,0.1440803796052933,0.7,0.15591962039470672
495,Mistral,Bare Llama8B,3,0.09966696202754977,0.2996669620275497,0.6006660759449005
496,Mistral,Bare Llama8B,3,0.0,0.015346407890319824,0.9846535921096802
497,Mistral,Bare Llama8B,3,0.1469989061355591,0.7,0.1530010938644409
498,Mistral,Bare Llama8B,6,0.06960684955120089,0.26960684955120084,0.6607863008975983
499,Mistral,Bare Llama8B,9,0.16243382811662743,0.7,0.13756617188337258
500,Mistral,Bare Llama8B,10,0.0,0.06929594278335571,0.9307040572166443
501,Mistral,Bare Llama8B,5,0.12647500038146975,0.7,0.17352499961853027
502,Mistral,Bare Llama8B,2,0.0,0.009153753519058228,0.9908462464809418
503,Mistral,Bare Llama8B,4,0.10556734502315523,0.40556734502315517,0.4888653099536896
504,Mistral,Bare Llama8B,4,0.936510949395597,0.06348905060440302,0.0
505,Mistral,Bare Llama8B,4,0.02473656237125399,0.22473656237125395,0.7505268752574921
506,Mistral,Bare Llama8B,10,0.047073552012443565,0.24707355201244352,0.7058528959751129
507,Mistral,Bare Llama8B,5,0.08379081785678866,0.2837908178567886,0.6324183642864227
508,Mistral,Bare Llama8B,6,0.13401699960231783,0.7,0.16598300039768218
509,Mistral,Bare Llama8B,6,0.14184283614158633,0.7,0.1581571638584137
510,Mistral,Bare Llama8B,4,0.0,0.10192608833312988,0.8980739116668701
511,Mistral,Bare Llama8B,4,0.0,0.10720109939575195,0.892798900604248
512,Mistral,Bare Llama8B,5,0.14089728295803072,0.7,0.1591027170419693
513,Mistral,Bare Llama8B,2,0.0917155832052231,0.29171558320522306,0.6165688335895538
514,Mistral,Bare Llama8B,1,0.0,0.13015252351760864,0.8698474764823914
515,Mistral,Bare Llama8B,5,0.0,0.025760740041732788,0.9742392599582672
516,Mistral,Bare Llama8B,4,0.06191403567790987,0.26191403567790983,0.6761719286441803
517,Mistral,Bare Llama8B,4,0.0,0.15417027473449707,0.8458297252655029
518,Mistral,Bare Llama8B,2,0.031997555494308494,0.23199755549430845,0.7360048890113831
519,Mistral,Bare Llama8B,4,0.0,0.029486805200576782,0.9705131947994232
520,Mistral,Bare Llama8B,4,0.0,0.007692396640777588,0.9923076033592224
521,Mistral,Bare Llama8B,4,0.022106179594993614,0.22210617959499357,0.7557876408100128
522,Mistral,Bare Llama8B,3,0.06132718324661257,0.2613271832466125,0.6773456335067749
523,Mistral,Bare Llama8B,5,0.0,0.05782270431518555,0.9421772956848145
524,Mistral,Bare Llama8B,2,0.9954133240971714,0.004586675902828574,0.0
525,Mistral,Bare Llama8B,7,0.08996684253215792,0.2899668425321579,0.6200663149356842
526,Mistral,Bare Llama8B,5,0.1494135010056198,0.7,0.15058649899438023
527,Mistral,Bare Llama8B,9,0.007589617371559165,0.20758961737155912,0.7848207652568817
528,Mistral,Bare Llama8B,5,0.14039371311664584,0.7,0.15960628688335418
529,Mistral,Bare Llama8B,2,0.0663869917392731,0.26638699173927305,0.6672260165214539
530,Mistral,Bare Llama8B,4,0.0,0.0070434510707855225,0.9929565489292145
