chain_id,model,method,num_emails,sentiment_neg,sentiment_neu,sentiment_pos
0,Deepseek,Attr Prompting,4,0.09606429338455202,0.296064293384552,0.607871413230896
1,Deepseek,Attr Prompting,9,0.1417433261871338,0.7,0.1582566738128662
2,Deepseek,Attr Prompting,10,0.0,0.07494106888771057,0.9250589311122894
3,Deepseek,Attr Prompting,8,0.02360671162605288,0.22360671162605283,0.7527865767478943
4,Deepseek,Attr Prompting,10,0.0,0.018242865800857544,0.9817571341991425
5,Deepseek,Attr Prompting,5,0.024851167201995872,0.22485116720199583,0.7502976655960083
6,Deepseek,Attr Prompting,7,0.05838243067264559,0.25838243067264555,0.6832351386547089
7,Deepseek,Attr Prompting,5,0.0,0.16433069109916687,0.8356693089008331
8,Deepseek,Attr Prompting,8,0.0,0.09874793887138367,0.9012520611286163
9,Deepseek,Attr Prompting,8,0.06432568430900576,0.2643256843090057,0.6713486313819885
10,Deepseek,Attr Prompting,4,0.03400942087173464,0.2340094208717346,0.7319811582565308
11,Deepseek,Attr Prompting,9,0.004208618402481101,0.20420861840248106,0.7915827631950378
12,Deepseek,Attr Prompting,5,0.0,0.015934377908706665,0.9840656220912933
13,Deepseek,Attr Prompting,9,0.12308942675590517,0.4230894267559051,0.4538211464881897
14,Deepseek,Attr Prompting,8,0.07085273563861849,0.27085273563861845,0.6582945287227631
15,Deepseek,Attr Prompting,10,0.10458342134952547,0.4045834213495254,0.4908331573009491
16,Deepseek,Attr Prompting,8,0.0,0.02625414729118347,0.9737458527088165
17,Deepseek,Attr Prompting,4,0.0,0.1745879352092743,0.8254120647907257
18,Deepseek,Attr Prompting,4,0.11821823716163637,0.4182182371616363,0.4635635256767273
19,Deepseek,Attr Prompting,5,0.039334097504615806,0.23933409750461576,0.7213318049907684
20,Deepseek,Attr Prompting,10,0.03793170452117922,0.23793170452117918,0.7241365909576416
21,Deepseek,Attr Prompting,8,0.07710384726524355,0.2771038472652435,0.6457923054695129
22,Deepseek,Attr Prompting,10,0.0,0.06846752762794495,0.931532472372055
23,Deepseek,Attr Prompting,9,0.06843992471694949,0.26843992471694944,0.6631201505661011
24,Deepseek,Attr Prompting,6,0.0,0.09180349111557007,0.9081965088844299
25,Deepseek,Attr Prompting,10,0.028246657550334953,0.2282466575503349,0.7435066848993301
26,Deepseek,Attr Prompting,6,0.0,0.05840176343917847,0.9415982365608215
27,Deepseek,Attr Prompting,10,0.024330446124076865,0.22433044612407682,0.7513391077518463
28,Deepseek,Attr Prompting,5,0.0,0.028688162565231323,0.9713118374347687
29,Deepseek,Attr Prompting,8,0.03160236179828646,0.23160236179828642,0.7367952764034271
30,Deepseek,Attr Prompting,9,0.13530453443527224,0.7,0.16469546556472778
31,Deepseek,Attr Prompting,4,0.09486582279205324,0.2948658227920532,0.6102683544158936
32,Deepseek,Attr Prompting,6,0.0,0.19785118103027344,0.8021488189697266
33,Deepseek,Attr Prompting,7,0.1281998246908188,0.7,0.1718001753091812
34,Deepseek,Attr Prompting,3,0.0,0.1923902928829193,0.8076097071170807
35,Deepseek,Attr Prompting,8,0.08890334665775301,0.28890334665775297,0.622193306684494
36,Deepseek,Attr Prompting,4,0.0,0.16599634289741516,0.8340036571025848
37,Deepseek,Attr Prompting,3,0.0,0.00590863823890686,0.9940913617610931
38,Deepseek,Attr Prompting,6,0.12820335626602175,0.7,0.17179664373397827
39,Deepseek,Attr Prompting,8,0.14183015525341036,0.7,0.15816984474658966
40,Deepseek,Attr Prompting,5,0.14613648653030398,0.7,0.15386351346969604
41,Deepseek,Attr Prompting,4,0.05274880826473238,0.25274880826473234,0.6945023834705353
42,Deepseek,Attr Prompting,8,0.11687473356723788,0.4168747335672378,0.4662505328655243
43,Deepseek,Attr Prompting,7,0.0,0.17798054218292236,0.8220194578170776
44,Deepseek,Attr Prompting,9,0.07255230247974398,0.27255230247974394,0.6548953950405121
45,Deepseek,Attr Prompting,7,0.09469989836215975,0.2946998983621597,0.6106002032756805
46,Deepseek,Attr Prompting,9,0.036509820818901084,0.23650982081890104,0.7269803583621979
47,Deepseek,Attr Prompting,9,0.01680029332637789,0.21680029332637785,0.7663994133472443
48,Deepseek,Attr Prompting,5,0.09189618527889254,0.2918961852788925,0.616207629442215
49,Deepseek,Attr Prompting,5,0.0,0.01001843810081482,0.9899815618991852
50,Deepseek,Attr Prompting,7,0.0,0.06314884126186371,0.9368511587381363
51,Deepseek,Attr Prompting,6,0.0,0.18862995505332947,0.8113700449466705
52,Deepseek,Attr Prompting,7,0.021184960007667564,0.22118496000766752,0.7576300799846649
53,Deepseek,Attr Prompting,8,0.1398335933685303,0.7,0.16016640663146972
54,Deepseek,Attr Prompting,3,0.0,0.009316980838775635,0.9906830191612244
55,Deepseek,Attr Prompting,9,0.0,0.10954993963241577,0.8904500603675842
56,Deepseek,Attr Prompting,3,0.11528285741806032,0.41528285741806026,0.4694342851638794
57,Deepseek,Attr Prompting,9,0.07047743499279024,0.2704774349927902,0.6590451300144196
58,Deepseek,Attr Prompting,4,0.0,0.15159982442855835,0.8484001755714417
59,Deepseek,Attr Prompting,10,0.0,0.0896483063697815,0.9103516936302185
60,Deepseek,Attr Prompting,5,0.0,0.15791970491409302,0.842080295085907
61,Deepseek,Attr Prompting,6,0.03268777728080752,0.23268777728080747,0.734624445438385
62,Deepseek,Attr Prompting,8,0.05396817028522494,0.2539681702852249,0.6920636594295502
63,Deepseek,Attr Prompting,4,0.15033469498157503,0.7,0.14966530501842498
64,Deepseek,Attr Prompting,4,0.0,0.19041895866394043,0.8095810413360596
65,Deepseek,Attr Prompting,10,0.026858800649642967,0.22685880064964292,0.7462823987007141
66,Deepseek,Attr Prompting,8,0.0,0.14483129978179932,0.8551687002182007
67,Deepseek,Attr Prompting,9,0.014689871668815635,0.2146898716688156,0.7706202566623688
68,Deepseek,Attr Prompting,4,0.1260413467884064,0.7,0.17395865321159362
69,Deepseek,Attr Prompting,8,0.0,0.07908117771148682,0.9209188222885132
70,Deepseek,Attr Prompting,8,0.14542297422885897,0.7,0.15457702577114105
71,Deepseek,Attr Prompting,5,0.020471432805061363,0.22047143280506132,0.7590571343898773
72,Deepseek,Attr Prompting,4,0.14828079342842104,0.7,0.15171920657157897
73,Deepseek,Attr Prompting,3,0.0,0.11899441480636597,0.881005585193634
74,Deepseek,Attr Prompting,5,0.0754593998193741,0.27545939981937406,0.6490812003612518
75,Deepseek,Attr Prompting,7,0.9809577008709311,0.01904229912906885,0.0
76,Deepseek,Attr Prompting,8,0.11378411352634432,0.41378411352634425,0.4724317729473114
77,Deepseek,Attr Prompting,4,0.1435225546360016,0.7,0.1564774453639984
78,Deepseek,Attr Prompting,9,0.0,0.16058483719825745,0.8394151628017426
79,Deepseek,Attr Prompting,5,0.13608271777629855,0.7,0.16391728222370147
80,Deepseek,Attr Prompting,4,0.016735622286796592,0.21673562228679655,0.7665287554264069
81,Deepseek,Attr Prompting,8,0.137339586019516,0.7,0.162660413980484
82,Deepseek,Attr Prompting,5,0.13373302817344668,0.7,0.16626697182655334
83,Deepseek,Attr Prompting,10,0.0,0.06635615229606628,0.9336438477039337
84,Deepseek,Attr Prompting,7,0.0,0.0462917685508728,0.9537082314491272
85,Deepseek,Attr Prompting,7,0.0,0.042990028858184814,0.9570099711418152
86,Deepseek,Attr Prompting,3,0.09526045024394991,0.29526045024394987,0.6094790995121002
87,Deepseek,Attr Prompting,5,0.0,0.030707716941833496,0.9692922830581665
88,Deepseek,Attr Prompting,4,0.1130607068538666,0.41306070685386653,0.47387858629226687
89,Deepseek,Attr Prompting,4,0.14434643983840945,0.7,0.15565356016159057
90,Deepseek,Attr Prompting,5,0.042715111374855064,0.24271511137485502,0.7145697772502899
91,Deepseek,Attr Prompting,7,0.13452579975128176,0.7,0.16547420024871826
92,Deepseek,Attr Prompting,8,0.14455158412456515,0.7,0.15544841587543487
93,Deepseek,Attr Prompting,3,0.09271790981292727,0.2927179098129272,0.6145641803741455
94,Deepseek,Attr Prompting,7,0.06475076973438265,0.2647507697343826,0.6704984605312347
95,Deepseek,Attr Prompting,4,0.002314621210098289,0.20231462121009824,0.7953707575798035
96,Deepseek,Attr Prompting,4,0.09821693003177645,0.2982169300317764,0.6035661399364471
97,Deepseek,Attr Prompting,5,0.0,0.11757946014404297,0.882420539855957
98,Deepseek,Attr Prompting,5,0.0,0.10808491706848145,0.8919150829315186
99,Deepseek,Attr Prompting,4,0.9907600731821731,0.009239926817826927,0.0
100,Deepseek,Attr Prompting,8,0.092300021648407,0.29230002164840696,0.615399956703186
101,Deepseek,Attr Prompting,8,0.0,0.15224450826644897,0.847755491733551
102,Deepseek,Attr Prompting,8,0.05965298563241961,0.25965298563241956,0.6806940287351608
103,Deepseek,Attr Prompting,8,0.021218502521514915,0.22121850252151487,0.7575629949569702
104,Deepseek,Attr Prompting,3,0.0,0.08382433652877808,0.9161756634712219
105,Deepseek,Attr Prompting,6,0.0,0.19169357419013977,0.8083064258098602
106,Deepseek,Attr Prompting,6,0.0,0.013381212949752808,0.9866187870502472
107,Deepseek,Attr Prompting,3,0.0,0.01713043451309204,0.982869565486908
108,Deepseek,Attr Prompting,10,0.05556117892265322,0.2555611789226532,0.6888776421546936
109,Deepseek,Attr Prompting,3,0.05189374983310702,0.251893749833107,0.696212500333786
110,Deepseek,Attr Prompting,8,0.0,0.06836935877799988,0.9316306412220001
111,Deepseek,Attr Prompting,7,0.07003494501113894,0.2700349450111389,0.6599301099777222
112,Deepseek,Attr Prompting,7,0.06311955451965334,0.2631195545196533,0.6737608909606934
113,Deepseek,Attr Prompting,8,0.10931539684534075,0.4093153968453407,0.48136920630931856
114,Deepseek,Attr Prompting,6,0.003987410664558433,0.2039874106645584,0.7920251786708832
115,Deepseek,Attr Prompting,5,0.0,0.13090530037879944,0.8690946996212006
116,Deepseek,Attr Prompting,4,0.0,0.040872544050216675,0.9591274559497833
117,Deepseek,Attr Prompting,6,0.14559539556503298,0.7,0.15440460443496704
118,Deepseek,Attr Prompting,4,0.0,0.11359980702400208,0.8864001929759979
119,Deepseek,Attr Prompting,10,0.0,0.12423110008239746,0.8757688999176025
120,Deepseek,Attr Prompting,3,0.13011486232280733,0.7,0.16988513767719268
121,Deepseek,Attr Prompting,4,0.0,0.07933232188224792,0.9206676781177521
122,Deepseek,Attr Prompting,3,0.028909602761268638,0.2289096027612686,0.7421807944774628
123,Deepseek,Attr Prompting,7,0.05482529997825625,0.2548252999782562,0.6903494000434875
124,Deepseek,Attr Prompting,9,0.0,0.036319583654403687,0.9636804163455963
125,Deepseek,Attr Prompting,8,0.04386849105358126,0.24386849105358122,0.7122630178928375
126,Deepseek,Attr Prompting,10,0.0,0.19924993813037872,0.8007500618696213
127,Deepseek,Attr Prompting,5,0.0,0.08935272693634033,0.9106472730636597
128,Deepseek,Attr Prompting,7,0.07245374619960787,0.2724537461996078,0.6550925076007843
129,Deepseek,Attr Prompting,3,0.14966250360012057,0.7,0.15033749639987945
130,Deepseek,Attr Prompting,7,0.0,0.1684049367904663,0.8315950632095337
131,Deepseek,Attr Prompting,8,0.0,0.163421168923378,0.836578831076622
132,Deepseek,Attr Prompting,7,0.05111499279737475,0.2511149927973747,0.6977700144052505
133,Deepseek,Attr Prompting,7,0.0,0.13203203678131104,0.867967963218689
134,Deepseek,Attr Prompting,8,0.011436933279037498,0.21143693327903745,0.777126133441925
135,Deepseek,Attr Prompting,5,0.0,0.08531785011291504,0.914682149887085
136,Deepseek,Attr Prompting,6,0.0,0.16063672304153442,0.8393632769584656
137,Deepseek,Attr Prompting,5,0.12452795505523684,0.42452795505523677,0.4509440898895264
138,Deepseek,Attr Prompting,5,0.07449100315570834,0.2744910031557083,0.6510179936885834
139,Deepseek,Attr Prompting,10,0.051159539818763755,0.2511595398187637,0.6976809203624725
140,Deepseek,Attr Prompting,5,0.08395572900772097,0.2839557290077209,0.6320885419845581
141,Deepseek,Attr Prompting,8,0.0,0.11436575651168823,0.8856342434883118
142,Deepseek,Attr Prompting,6,0.9466052828356624,0.053394717164337635,0.0
143,Deepseek,Attr Prompting,7,0.0,0.008798956871032715,0.9912010431289673
144,Deepseek,Attr Prompting,8,0.0,0.004239931702613831,0.9957600682973862
145,Deepseek,Attr Prompting,8,0.015318238735198997,0.21531823873519895,0.769363522529602
146,Deepseek,Attr Prompting,4,0.0,0.07819026708602905,0.921809732913971
147,Deepseek,Attr Prompting,7,0.0,0.11519286036491394,0.8848071396350861
148,Deepseek,Attr Prompting,4,0.1431968152523041,0.7,0.15680318474769592
149,Deepseek,Attr Prompting,5,0.0,0.03896012902259827,0.9610398709774017
150,Deepseek,Attr Prompting,8,0.1377707213163376,0.7,0.1622292786836624
151,Deepseek,Attr Prompting,8,0.0,0.19453388452529907,0.8054661154747009
152,Deepseek,Attr Prompting,7,0.001611420512199424,0.20161142051219938,0.7967771589756012
153,Deepseek,Attr Prompting,9,0.019724012911319755,0.2197240129113197,0.7605519741773605
154,Deepseek,Attr Prompting,4,0.0,0.091522216796875,0.908477783203125
155,Deepseek,Attr Prompting,10,0.1418465465307236,0.7,0.15815345346927642
156,Deepseek,Attr Prompting,6,0.1303874492645264,0.7,0.16961255073547363
157,Deepseek,Attr Prompting,3,0.03415797054767611,0.23415797054767606,0.7316840589046478
158,Deepseek,Attr Prompting,5,0.10385760068893435,0.4038576006889343,0.49228479862213137
159,Deepseek,Attr Prompting,5,0.021762409806251548,0.2217624098062515,0.756475180387497
160,Deepseek,Attr Prompting,4,0.0,0.08282521367073059,0.9171747863292694
161,Deepseek,Attr Prompting,7,0.11302744746208193,0.41302744746208186,0.4739451050758362
162,Deepseek,Attr Prompting,4,0.0,0.05795103311538696,0.942048966884613
163,Deepseek,Attr Prompting,5,0.0,0.11495676636695862,0.8850432336330414
164,Deepseek,Attr Prompting,3,0.1461034953594208,0.7,0.15389650464057922
165,Deepseek,Attr Prompting,5,0.03836301863193514,0.2383630186319351,0.7232739627361298
166,Deepseek,Attr Prompting,5,0.1344748228788376,0.7,0.1655251771211624
167,Deepseek,Attr Prompting,10,0.0815910190343857,0.28159101903438566,0.6368179619312286
168,Deepseek,Attr Prompting,3,0.14763967096805575,0.7,0.15236032903194427
169,Deepseek,Attr Prompting,7,0.1403324991464615,0.7,0.1596675008535385
170,Deepseek,Attr Prompting,6,0.10771302282810213,0.40771302282810207,0.4845739543437958
171,Deepseek,Attr Prompting,7,0.0,0.06016939878463745,0.9398306012153625
172,Deepseek,Attr Prompting,9,0.00957436263561251,0.20957436263561247,0.780851274728775
173,Deepseek,Attr Prompting,7,0.08470562994480135,0.2847056299448013,0.6305887401103973
174,Deepseek,Attr Prompting,4,0.0,0.040986567735672,0.959013432264328
175,Deepseek,Attr Prompting,4,0.05702876448631289,0.25702876448631284,0.6859424710273743
176,Deepseek,Attr Prompting,5,0.04799858629703524,0.2479985862970352,0.7040028274059296
177,Deepseek,Attr Prompting,3,0.06139553487300875,0.2613955348730087,0.6772089302539825
178,Deepseek,Attr Prompting,7,0.0,0.18937954306602478,0.8106204569339752
179,Deepseek,Attr Prompting,3,0.05796990692615511,0.25796990692615507,0.6840601861476898
180,Deepseek,Attr Prompting,7,0.09703981280326845,0.2970398128032684,0.6059203743934631
181,Deepseek,Attr Prompting,3,0.09914363324642184,0.2991436332464218,0.6017127335071564
182,Deepseek,Attr Prompting,6,0.0,0.025580674409866333,0.9744193255901337
183,Deepseek,Attr Prompting,6,0.0,0.08883664011955261,0.9111633598804474
184,Deepseek,Attr Prompting,9,0.06371132433414461,0.26371132433414457,0.6725773513317108
185,Deepseek,Attr Prompting,9,0.13622930049896242,0.7,0.1637706995010376
186,Deepseek,Attr Prompting,5,0.021809035539627097,0.22180903553962705,0.7563819289207458
187,Deepseek,Attr Prompting,5,0.09825276732444765,0.2982527673244476,0.6034944653511047
188,Deepseek,Attr Prompting,8,0.08583953380584719,0.28583953380584715,0.6283209323883057
189,Deepseek,Attr Prompting,5,0.0,0.11991488933563232,0.8800851106643677
190,Deepseek,Attr Prompting,5,0.0,0.013452500104904175,0.9865474998950958
191,Deepseek,Attr Prompting,9,0.025266321003437064,0.22526632100343702,0.7494673579931259
192,Deepseek,Attr Prompting,3,0.14065628647804262,0.7,0.1593437135219574
193,Deepseek,Attr Prompting,5,0.1355119287967682,0.7,0.1644880712032318
194,Deepseek,Attr Prompting,4,0.1437742203474045,0.7,0.15622577965259551
195,Deepseek,Attr Prompting,4,0.0,0.005835533142089844,0.9941644668579102
196,Deepseek,Attr Prompting,5,0.0016250997781753762,0.20162509977817533,0.7967498004436493
197,Deepseek,Attr Prompting,9,0.0,0.14610162377357483,0.8538983762264252
198,Deepseek,Attr Prompting,4,0.0,0.014562249183654785,0.9854377508163452
199,Deepseek,Attr Prompting,4,0.14016557633876803,0.7,0.159834423661232
200,Deepseek,Attr Prompting,8,0.1400460243225098,0.7,0.15995397567749023
201,Deepseek,Attr Prompting,6,0.13242746293544772,0.7,0.1675725370645523
202,Deepseek,Attr Prompting,9,0.0768905818462372,0.27689058184623716,0.6462188363075256
203,Deepseek,Attr Prompting,6,0.09252717494964602,0.292527174949646,0.614945650100708
204,Deepseek,Attr Prompting,6,0.012817406654357932,0.2128174066543579,0.7743651866912842
205,Deepseek,Attr Prompting,8,0.10398756861686709,0.403987568616867,0.4920248627662659
206,Deepseek,Attr Prompting,6,0.0,0.022949635982513428,0.9770503640174866
207,Deepseek,Attr Prompting,4,0.13482175171375277,0.7,0.16517824828624725
208,Deepseek,Attr Prompting,8,0.022092247009277366,0.22209224700927732,0.7558155059814453
209,Deepseek,Attr Prompting,6,0.0,0.15930187702178955,0.8406981229782104
210,Deepseek,Attr Prompting,5,0.07624296247959139,0.27624296247959135,0.6475140750408173
211,Deepseek,Attr Prompting,9,0.0,0.04378896951675415,0.9562110304832458
212,Deepseek,Attr Prompting,5,0.14616006016731264,0.7,0.15383993983268737
213,Deepseek,Attr Prompting,7,0.0,0.03618746995925903,0.963812530040741
214,Deepseek,Attr Prompting,5,0.004791454970836662,0.20479145497083662,0.7904170900583267
215,Deepseek,Attr Prompting,8,0.0,0.1620303988456726,0.8379696011543274
216,Deepseek,Attr Prompting,6,0.06128611564636233,0.2612861156463623,0.6774277687072754
217,Deepseek,Attr Prompting,10,0.050627538561821006,0.25062753856182096,0.698744922876358
218,Deepseek,Attr Prompting,5,0.1289935350418091,0.7,0.1710064649581909
219,Deepseek,Attr Prompting,8,0.0,0.1831020712852478,0.8168979287147522
220,Deepseek,Attr Prompting,5,0.14366724491119387,0.7,0.15633275508880615
221,Deepseek,Attr Prompting,7,0.14989992380142214,0.7,0.15010007619857788
222,Deepseek,Attr Prompting,6,0.010223427414894126,0.21022342741489408,0.7795531451702118
223,Deepseek,Attr Prompting,7,0.10322978496551516,0.4032297849655151,0.49354043006896975
224,Deepseek,Attr Prompting,5,0.13138152062892916,0.7,0.16861847937107086
225,Deepseek,Attr Prompting,4,0.13948642611503603,0.7,0.16051357388496398
226,Deepseek,Attr Prompting,6,0.0,0.050550222396850586,0.9494497776031494
227,Deepseek,Attr Prompting,9,0.08435332179069521,0.28435332179069517,0.6312933564186096
228,Deepseek,Attr Prompting,8,0.11420089900493624,0.4142008990049362,0.4715982019901276
229,Deepseek,Attr Prompting,4,0.06313125193119051,0.26313125193119047,0.673737496137619
230,Deepseek,Attr Prompting,4,0.12145561873912813,0.42145561873912807,0.4570887625217438
231,Deepseek,Attr Prompting,5,0.027647683024406455,0.2276476830244064,0.7447046339511871
232,Deepseek,Attr Prompting,3,0.0,0.14186087250709534,0.8581391274929047
233,Deepseek,Attr Prompting,10,0.0404966861009598,0.24049668610095976,0.7190066277980804
234,Deepseek,Attr Prompting,8,0.0993035823106766,0.29930358231067655,0.6013928353786469
235,Deepseek,Attr Prompting,5,0.007321456074714683,0.20732145607471464,0.7853570878505707
236,Deepseek,Attr Prompting,4,0.0,0.06344467401504517,0.9365553259849548
237,Deepseek,Attr Prompting,5,0.1153996452689171,0.41539964526891704,0.46920070946216585
238,Deepseek,Attr Prompting,8,0.0,0.10750672221183777,0.8924932777881622
239,Deepseek,Attr Prompting,5,0.0,0.016017913818359375,0.9839820861816406
240,Deepseek,Attr Prompting,8,0.009680891036987327,0.20968089103698728,0.7806382179260254
241,Deepseek,Attr Prompting,8,0.09335407018661501,0.29335407018661497,0.61329185962677
242,Deepseek,Attr Prompting,10,0.0,0.0083790123462677,0.9916209876537323
243,Deepseek,Attr Prompting,5,0.1293844372034073,0.7,0.1706155627965927
244,Deepseek,Attr Prompting,7,0.08827855587005617,0.28827855587005613,0.6234428882598877
245,Deepseek,Attr Prompting,8,0.0,0.15318553149700165,0.8468144685029984
246,Deepseek,Attr Prompting,10,0.0,0.04002559185028076,0.9599744081497192
247,Deepseek,Attr Prompting,10,0.0,0.14369931817054749,0.8563006818294525
248,Deepseek,Attr Prompting,7,0.10454202592372897,0.4045420259237289,0.49091594815254214
249,Deepseek,Attr Prompting,9,0.027845302224159263,0.22784530222415922,0.7443093955516815
250,Deepseek,Attr Prompting,6,0.0,0.10736778378486633,0.8926322162151337
251,Deepseek,Attr Prompting,6,0.10957389473915102,0.40957389473915096,0.480852210521698
252,Deepseek,Attr Prompting,6,0.09805051386356356,0.2980505138635635,0.6038989722728729
253,Deepseek,Attr Prompting,5,0.0,0.08501893281936646,0.9149810671806335
254,Deepseek,Attr Prompting,8,0.14218329787254336,0.7,0.15781670212745666
255,Deepseek,Attr Prompting,9,0.07420847713947298,0.27420847713947294,0.6515830457210541
256,Deepseek,Attr Prompting,6,0.0,0.19932419061660767,0.8006758093833923
257,Deepseek,Attr Prompting,6,0.0,0.17940810322761536,0.8205918967723846
258,Deepseek,Attr Prompting,5,0.0,0.09932595491409302,0.900674045085907
259,Deepseek,Attr Prompting,10,0.0,0.00995202362537384,0.9900479763746262
260,Deepseek,Attr Prompting,9,0.006418594717979453,0.2064185947179794,0.7871628105640411
261,Deepseek,Attr Prompting,6,0.019422197341918968,0.21942219734191892,0.7611556053161621
262,Deepseek,Attr Prompting,9,0.13153078556060793,0.7,0.16846921443939208
263,Deepseek,Attr Prompting,4,0.10389364659786227,0.4038936465978622,0.49221270680427553
264,Deepseek,Attr Prompting,4,0.0,0.18316403031349182,0.8168359696865082
265,Deepseek,Attr Prompting,8,0.13720720410346987,0.7,0.16279279589653015
266,Deepseek,Attr Prompting,10,0.0,0.08621157705783844,0.9137884229421616
267,Deepseek,Attr Prompting,4,0.017710247635841392,0.21771024763584135,0.7645795047283173
268,Deepseek,Attr Prompting,8,0.0,0.029549896717071533,0.9704501032829285
269,Deepseek,Attr Prompting,7,0.12550261020660403,0.7,0.174497389793396
270,Deepseek,Attr Prompting,5,0.0019783467054367287,0.20197834670543668,0.7960433065891266
271,Deepseek,Attr Prompting,4,0.0,0.12797969579696655,0.8720203042030334
272,Deepseek,Attr Prompting,10,0.0,0.15205928683280945,0.8479407131671906
273,Deepseek,Attr Prompting,7,0.0,0.05941694974899292,0.9405830502510071
274,Deepseek,Attr Prompting,7,0.0,0.06929212808609009,0.9307078719139099
275,Deepseek,Attr Prompting,10,0.0,0.01604527235031128,0.9839547276496887
276,Deepseek,Attr Prompting,8,0.0,0.05124548077583313,0.9487545192241669
277,Deepseek,Attr Prompting,4,0.0,0.16107505559921265,0.8389249444007874
278,Deepseek,Attr Prompting,3,0.0,0.003283947706222534,0.9967160522937775
279,Deepseek,Attr Prompting,4,0.0,0.048851728439331055,0.951148271560669
280,Deepseek,Attr Prompting,5,0.11753691136837008,0.41753691136837,0.4649261772632599
281,Deepseek,Attr Prompting,6,0.08341533839702608,0.28341533839702604,0.6331693232059479
282,Deepseek,Attr Prompting,4,0.08851080536842348,0.28851080536842344,0.6229783892631531
283,Deepseek,Attr Prompting,10,0.0,0.10016196966171265,0.8998380303382874
284,Deepseek,Attr Prompting,3,0.0,0.020839661359786987,0.979160338640213
285,Deepseek,Attr Prompting,8,0.0007914245128631814,0.20079142451286314,0.7984171509742737
286,Deepseek,Attr Prompting,7,0.1351745665073395,0.7,0.16482543349266052
287,Deepseek,Attr Prompting,7,0.1297283709049225,0.7,0.1702716290950775
288,Deepseek,Attr Prompting,7,0.10688056224025788,0.4068805622402578,0.4862388755194843
289,Deepseek,Attr Prompting,4,0.08659223616123202,0.286592236161232,0.626815527677536
290,Deepseek,Attr Prompting,5,0.04705586433410647,0.24705586433410642,0.7058882713317871
291,Deepseek,Attr Prompting,3,0.07107757925987246,0.2710775792598724,0.6578448414802551
292,Deepseek,Attr Prompting,9,0.06826457669958474,0.2682645766995847,0.6634708466008306
293,Deepseek,Attr Prompting,6,0.13535537719726565,0.7,0.16464462280273437
294,Deepseek,Attr Prompting,7,0.0,0.08958309888839722,0.9104169011116028
295,Deepseek,Attr Prompting,5,0.11317932009696963,0.41317932009696956,0.4736413598060608
296,Deepseek,Attr Prompting,3,0.12264721989631655,0.4226472198963165,0.45470556020736697
297,Deepseek,Attr Prompting,7,0.02477087974548342,0.22477087974548338,0.7504582405090332
298,Deepseek,Attr Prompting,10,0.13216579854488375,0.7,0.16783420145511627
299,Deepseek,Attr Prompting,3,0.017676988244056724,0.21767698824405668,0.7646460235118866
300,Deepseek,Attr Prompting,7,0.015382820367813133,0.2153828203678131,0.7692343592643738
301,Deepseek,Attr Prompting,4,0.0,0.08058103919029236,0.9194189608097076
302,Deepseek,Attr Prompting,7,0.0,0.15361401438713074,0.8463859856128693
303,Deepseek,Attr Prompting,5,0.061709681153297447,0.2617096811532974,0.6765806376934052
304,Deepseek,Attr Prompting,7,0.1439229637384415,0.7,0.15607703626155853
305,Deepseek,Attr Prompting,4,0.0002711653709411843,0.20027116537094114,0.7994576692581177
306,Deepseek,Attr Prompting,6,0.0,0.1394776701927185,0.8605223298072815
307,Deepseek,Attr Prompting,7,0.0,0.03830689191818237,0.9616931080818176
308,Deepseek,Attr Prompting,8,0.0,0.055174022912979126,0.9448259770870209
309,Deepseek,Attr Prompting,8,0.0011622250080108865,0.20116222500801084,0.7976755499839783
310,Deepseek,Attr Prompting,3,0.0713402718305588,0.27134027183055875,0.6573194563388824
311,Deepseek,Attr Prompting,8,0.14501943588256838,0.7,0.15498056411743164
312,Deepseek,Attr Prompting,5,0.0,0.05345812439918518,0.9465418756008148
313,Deepseek,Attr Prompting,9,0.1399893254041672,0.7,0.16001067459583282
314,Deepseek,Attr Prompting,7,0.0,0.12640032172203064,0.8735996782779694
315,Deepseek,Attr Prompting,6,0.11046285331249239,0.4104628533124923,0.4790742933750153
316,Deepseek,Attr Prompting,5,0.07942701280117037,0.2794270128011703,0.6411459743976593
317,Deepseek,Attr Prompting,3,0.07107717692852022,0.2710771769285202,0.6578456461429596
318,Deepseek,Attr Prompting,5,0.12666656970977785,0.7,0.17333343029022216
319,Deepseek,Attr Prompting,10,0.0,0.042839646339416504,0.9571603536605835
320,Deepseek,Attr Prompting,10,0.09561067223548891,0.29561067223548887,0.6087786555290222
321,Deepseek,Attr Prompting,7,0.09335238635540011,0.29335238635540006,0.6132952272891998
322,Deepseek,Attr Prompting,7,0.0,0.193313866853714,0.806686133146286
323,Deepseek,Attr Prompting,9,0.05121826529502871,0.25121826529502866,0.6975634694099426
324,Deepseek,Attr Prompting,4,0.0,0.18365639448165894,0.8163436055183411
325,Deepseek,Attr Prompting,5,0.0,0.11695587635040283,0.8830441236495972
326,Deepseek,Attr Prompting,6,0.0,0.09463444352149963,0.9053655564785004
327,Deepseek,Attr Prompting,5,0.0,0.14327573776245117,0.8567242622375488
328,Deepseek,Attr Prompting,7,0.0,0.0339638888835907,0.9660361111164093
329,Deepseek,Attr Prompting,10,0.0,0.18759304285049438,0.8124069571495056
330,Deepseek,Attr Prompting,4,0.0,0.06796148419380188,0.9320385158061981
331,Deepseek,Attr Prompting,3,0.0,0.048327356576919556,0.9516726434230804
332,Deepseek,Attr Prompting,7,0.0,0.08290916681289673,0.9170908331871033
333,Deepseek,Attr Prompting,6,0.12143711149692538,0.4214371114969253,0.4571257770061493
334,Deepseek,Attr Prompting,8,0.0,0.0037638843059539795,0.996236115694046
335,Deepseek,Attr Prompting,8,0.025987865030765556,0.2259878650307655,0.7480242699384689
336,Deepseek,Attr Prompting,10,0.0365340054035187,0.23653400540351865,0.7269319891929626
337,Deepseek,Attr Prompting,6,0.0,0.09538853168487549,0.9046114683151245
338,Deepseek,Attr Prompting,3,0.0,0.17026537656784058,0.8297346234321594
339,Deepseek,Attr Prompting,7,0.0,0.1936192810535431,0.8063807189464569
340,Deepseek,Attr Prompting,5,0.08316863477230074,0.2831686347723007,0.6336627304553986
341,Deepseek,Attr Prompting,5,0.08127843737602236,0.2812784373760223,0.6374431252479553
342,Deepseek,Attr Prompting,4,0.0,0.02128303050994873,0.9787169694900513
343,Deepseek,Attr Prompting,9,0.11367269754409792,0.41367269754409786,0.4726546049118042
344,Deepseek,Attr Prompting,6,0.12792151570320132,0.7,0.1720784842967987
345,Deepseek,Attr Prompting,8,0.06077700257301333,0.2607770025730133,0.6784459948539734
346,Deepseek,Attr Prompting,6,0.04992383122444155,0.2499238312244415,0.7001523375511169
347,Deepseek,Attr Prompting,3,0.12136832773685458,0.4213683277368545,0.4572633445262909
348,Deepseek,Attr Prompting,4,0.0,0.056877464056015015,0.943122535943985
349,Deepseek,Attr Prompting,9,0.008947984874248527,0.20894798487424848,0.782104030251503
350,Deepseek,Attr Prompting,9,0.13814353346824648,0.7,0.16185646653175353
351,Deepseek,Attr Prompting,8,0.08795523047447207,0.287955230474472,0.6240895390510559
352,Deepseek,Attr Prompting,5,0.08316100537776949,0.28316100537776945,0.6336779892444611
353,Deepseek,Attr Prompting,4,0.1375045865774155,0.7,0.16249541342258453
354,Deepseek,Attr Prompting,4,0.0,0.1823679506778717,0.8176320493221283
355,Deepseek,Attr Prompting,7,0.1509683966636658,0.7,0.14903160333633422
356,Deepseek,Attr Prompting,8,0.14128527939319613,0.7,0.1587147206068039
357,Deepseek,Attr Prompting,9,0.08842311203479769,0.28842311203479765,0.6231537759304047
358,Deepseek,Attr Prompting,9,0.0,0.03658348321914673,0.9634165167808533
359,Deepseek,Attr Prompting,4,0.0,0.08205622434616089,0.9179437756538391
360,Deepseek,Attr Prompting,7,0.0,0.05312150716781616,0.9468784928321838
361,Deepseek,Attr Prompting,5,0.0,0.04988151788711548,0.9501184821128845
362,Deepseek,Attr Prompting,6,0.12426384687423708,0.424263846874237,0.4514723062515259
363,Deepseek,Attr Prompting,10,0.0,0.030570656061172485,0.9694293439388275
364,Deepseek,Attr Prompting,5,0.1436628192663193,0.7,0.15633718073368072
365,Deepseek,Attr Prompting,3,0.0,0.058653324842453,0.941346675157547
366,Deepseek,Attr Prompting,6,0.0,0.06798452138900757,0.9320154786109924
367,Deepseek,Attr Prompting,7,0.06412054002285006,0.26412054002285,0.6717589199542999
368,Deepseek,Attr Prompting,5,0.12220236063003542,0.42220236063003536,0.4555952787399292
369,Deepseek,Attr Prompting,4,0.08491935729980471,0.28491935729980467,0.6301612854003906
370,Deepseek,Attr Prompting,7,0.03973432779312136,0.23973432779312132,0.7205313444137573
371,Deepseek,Attr Prompting,10,0.12622036933898928,0.7,0.17377963066101074
372,Deepseek,Attr Prompting,5,0.0,0.06317731738090515,0.9368226826190948
373,Deepseek,Attr Prompting,8,0.026240998506546043,0.226240998506546,0.747518002986908
374,Deepseek,Attr Prompting,10,0.003429086506366752,0.2034290865063667,0.7931418269872665
375,Deepseek,Attr Prompting,5,0.13220098018646242,0.7,0.1677990198135376
376,Deepseek,Attr Prompting,10,0.06332405805587771,0.26332405805587766,0.6733518838882446
377,Deepseek,Attr Prompting,3,0.0,0.14593350887298584,0.8540664911270142
378,Deepseek,Attr Prompting,5,0.0,0.016939669847488403,0.9830603301525116
379,Deepseek,Attr Prompting,6,0.14978578090667727,0.7,0.15021421909332275
380,Deepseek,Attr Prompting,4,0.14626760184764864,0.7,0.15373239815235137
381,Deepseek,Attr Prompting,5,0.0,0.029218345880508423,0.9707816541194916
382,Deepseek,Attr Prompting,6,0.011955538392066978,0.21195553839206693,0.7760889232158661
383,Deepseek,Attr Prompting,9,0.14169912934303286,0.7,0.15830087065696716
384,Deepseek,Attr Prompting,8,0.11345740556716921,0.41345740556716915,0.47308518886566164
385,Deepseek,Attr Prompting,4,0.0,0.07864260673522949,0.9213573932647705
386,Deepseek,Attr Prompting,6,0.09571718573570254,0.2957171857357025,0.608565628528595
387,Deepseek,Attr Prompting,3,0.10368701219558718,0.4036870121955871,0.4926259756088257
388,Deepseek,Attr Prompting,7,0.0,0.1658824384212494,0.8341175615787506
389,Deepseek,Attr Prompting,5,0.05026463568210604,0.250264635682106,0.699470728635788
390,Deepseek,Attr Prompting,4,0.08531142175197604,0.285311421751976,0.629377156496048
391,Deepseek,Attr Prompting,9,0.14290224909782412,0.7,0.1570977509021759
392,Deepseek,Attr Prompting,6,0.0,0.007267355918884277,0.9927326440811157
393,Deepseek,Attr Prompting,9,0.043509507179260276,0.24350950717926023,0.7129809856414795
394,Deepseek,Attr Prompting,4,0.0,0.007705986499786377,0.9922940135002136
395,Deepseek,Attr Prompting,5,0.1196592837572098,0.41965928375720973,0.46068143248558047
396,Deepseek,Attr Prompting,9,0.0753613352775574,0.27536133527755735,0.6492773294448853
397,Deepseek,Attr Prompting,7,0.038692989945411704,0.23869298994541166,0.7226140201091766
398,Deepseek,Attr Prompting,3,0.0,0.1461697518825531,0.8538302481174469
399,Deepseek,Attr Prompting,7,0.14859388172626498,0.7,0.15140611827373504
400,Deepseek,Attr Prompting,6,0.0,0.1261129379272461,0.8738870620727539
401,Deepseek,Attr Prompting,10,0.0,0.19793009757995605,0.802069902420044
402,Deepseek,Attr Prompting,5,0.09361020624637606,0.293610206246376,0.6127795875072479
403,Deepseek,Attr Prompting,9,0.13010119795799258,0.7,0.16989880204200744
404,Deepseek,Attr Prompting,9,0.13427510261535647,0.7,0.16572489738464355
405,Deepseek,Attr Prompting,4,0.12570942342281344,0.7,0.17429057657718658
406,Deepseek,Attr Prompting,8,0.1045559883117676,0.40455598831176753,0.49088802337646487
407,Deepseek,Attr Prompting,3,0.0,0.03792908787727356,0.9620709121227264
408,Deepseek,Attr Prompting,7,0.1452092617750168,0.7,0.1547907382249832
409,Deepseek,Attr Prompting,4,0.020987519621849082,0.22098751962184904,0.7580249607563019
410,Deepseek,Attr Prompting,6,0.10292118191719057,0.4029211819171905,0.4941576361656189
411,Deepseek,Attr Prompting,7,0.0,0.014982253313064575,0.9850177466869354
412,Deepseek,Attr Prompting,4,0.0,0.04336506128311157,0.9566349387168884
413,Deepseek,Attr Prompting,10,0.0,0.17239128053188324,0.8276087194681168
414,Deepseek,Attr Prompting,7,0.0,0.05715951323509216,0.9428404867649078
415,Deepseek,Attr Prompting,5,0.0,0.1729428470134735,0.8270571529865265
416,Deepseek,Attr Prompting,9,0.023206511139869712,0.22320651113986967,0.7535869777202606
417,Deepseek,Attr Prompting,4,0.010893025994300864,0.21089302599430082,0.7782139480113983
418,Deepseek,Attr Prompting,9,0.023038440942764304,0.22303844094276426,0.7539231181144714
419,Deepseek,Attr Prompting,7,0.0578878313302994,0.25788783133029936,0.6842243373394012
420,Deepseek,Attr Prompting,7,0.0,0.04526969790458679,0.9547303020954132
421,Deepseek,Attr Prompting,10,0.07513599991798403,0.275135999917984,0.649728000164032
422,Deepseek,Attr Prompting,6,0.13633946478366854,0.7,0.16366053521633148
423,Deepseek,Attr Prompting,7,0.04319640398025515,0.2431964039802551,0.7136071920394897
424,Deepseek,Attr Prompting,10,0.0,0.08209878206253052,0.9179012179374695
425,Deepseek,Attr Prompting,4,0.10162227749824526,0.4016222774982452,0.49675544500350954
426,Deepseek,Attr Prompting,6,0.12744110226631167,0.7,0.17255889773368835
427,Deepseek,Attr Prompting,6,0.10623351633548739,0.4062335163354873,0.4875329673290253
428,Deepseek,Attr Prompting,3,0.0,0.028798341751098633,0.9712016582489014
429,Deepseek,Attr Prompting,8,0.14843043088912966,0.7,0.15156956911087036
430,Deepseek,Attr Prompting,7,0.0,0.17498159408569336,0.8250184059143066
431,Deepseek,Attr Prompting,6,0.016840243339538596,0.21684024333953855,0.7663195133209229
432,Deepseek,Attr Prompting,7,0.10699769258499148,0.4069976925849914,0.4860046148300171
433,Deepseek,Attr Prompting,5,0.020827347040176414,0.22082734704017637,0.7583453059196472
434,Deepseek,Attr Prompting,6,0.13033770918846133,0.7,0.1696622908115387
435,Deepseek,Attr Prompting,8,0.12731670737266543,0.7,0.1726832926273346
436,Deepseek,Attr Prompting,8,0.008762770891189597,0.20876277089118955,0.7824744582176208
437,Deepseek,Attr Prompting,4,0.04670279622077944,0.2467027962207794,0.7065944075584412
438,Deepseek,Attr Prompting,6,0.14083080887794497,0.7,0.15916919112205505
439,Deepseek,Attr Prompting,7,0.12095717489719393,0.42095717489719386,0.4580856502056122
440,Deepseek,Attr Prompting,4,0.0,0.023940324783325195,0.9760596752166748
441,Deepseek,Attr Prompting,4,0.0,0.04659336805343628,0.9534066319465637
442,Deepseek,Attr Prompting,9,0.12253657877445223,0.42253657877445217,0.4549268424510956
443,Deepseek,Attr Prompting,9,0.107182914018631,0.40718291401863094,0.48563417196273806
444,Deepseek,Attr Prompting,10,0.0,0.14983537793159485,0.8501646220684052
445,Deepseek,Attr Prompting,7,0.0,0.18681341409683228,0.8131865859031677
446,Deepseek,Attr Prompting,6,0.06926607489585879,0.26926607489585874,0.6614678502082825
447,Deepseek,Attr Prompting,5,0.09663675129413607,0.296636751294136,0.6067264974117279
448,Deepseek,Attr Prompting,7,0.0,0.0480114221572876,0.9519885778427124
449,Deepseek,Attr Prompting,4,0.0,0.17599281668663025,0.8240071833133698
450,Deepseek,Attr Prompting,5,0.1057745009660721,0.40577450096607204,0.48845099806785586
451,Deepseek,Attr Prompting,6,0.07124307155609133,0.2712430715560913,0.6575138568878174
452,Deepseek,Attr Prompting,9,0.0,0.026206254959106445,0.9737937450408936
453,Deepseek,Attr Prompting,10,0.1215530574321747,0.42155305743217464,0.45689388513565066
454,Deepseek,Attr Prompting,4,0.1508267015218735,0.7,0.14917329847812652
455,Deepseek,Attr Prompting,8,0.0,0.1540226936340332,0.8459773063659668
456,Deepseek,Attr Prompting,9,0.0,0.10960531234741211,0.8903946876525879
457,Deepseek,Attr Prompting,9,0.0447069048881531,0.24470690488815305,0.7105861902236938
458,Deepseek,Attr Prompting,5,0.0,0.00799936056137085,0.9920006394386292
459,Deepseek,Attr Prompting,10,0.0,0.028189927339553833,0.9718100726604462
460,Deepseek,Attr Prompting,4,0.0,0.0804286003112793,0.9195713996887207
461,Deepseek,Attr Prompting,7,0.07595142126083376,0.2759514212608337,0.6480971574783325
462,Deepseek,Attr Prompting,8,0.0,0.18079409003257751,0.8192059099674225
463,Deepseek,Attr Prompting,8,0.0,0.18439069390296936,0.8156093060970306
464,Deepseek,Attr Prompting,5,0.04973518252372744,0.2497351825237274,0.7005296349525452
465,Deepseek,Attr Prompting,7,0.043395215272903465,0.24339521527290342,0.7132095694541931
466,Deepseek,Attr Prompting,9,0.0,0.02150595188140869,0.9784940481185913
467,Deepseek,Attr Prompting,8,0.13265528678894045,0.7,0.16734471321105956
468,Deepseek,Attr Prompting,5,0.04932650327682497,0.24932650327682493,0.7013469934463501
469,Deepseek,Attr Prompting,9,0.0752344220876694,0.27523442208766935,0.6495311558246613
470,Deepseek,Attr Prompting,6,0.14779438972473147,0.7,0.15220561027526855
471,Deepseek,Attr Prompting,9,0.009252259135246299,0.20925225913524625,0.7814954817295074
472,Deepseek,Attr Prompting,7,0.0,0.11498311161994934,0.8850168883800507
473,Deepseek,Attr Prompting,7,0.09164274632930758,0.29164274632930753,0.6167145073413849
474,Deepseek,Attr Prompting,4,0.0,0.08530506491661072,0.9146949350833893
475,Deepseek,Attr Prompting,5,0.0,0.03684622049331665,0.9631537795066833
476,Deepseek,Attr Prompting,3,0.09606496393680575,0.2960649639368057,0.6078700721263885
477,Deepseek,Attr Prompting,7,0.007871159911155723,0.20787115991115568,0.7842576801776886
478,Deepseek,Attr Prompting,3,0.0035221368074417336,0.2035221368074417,0.7929557263851166
479,Deepseek,Attr Prompting,8,0.0,0.06851664185523987,0.9314833581447601
480,Deepseek,Attr Prompting,6,0.046625593304634116,0.24662559330463407,0.7067488133907318
481,Deepseek,Attr Prompting,8,0.02887762486934664,0.2288776248693466,0.7422447502613068
482,Deepseek,Attr Prompting,5,0.05515640377998354,0.2551564037799835,0.689687192440033
483,Deepseek,Attr Prompting,8,0.13600350320339205,0.7,0.16399649679660797
484,Deepseek,Attr Prompting,4,0.0,0.03202161192893982,0.9679783880710602
485,Deepseek,Attr Prompting,9,0.00650647431612017,0.20650647431612013,0.7869870513677597
486,Deepseek,Attr Prompting,9,0.1494267374277115,0.7,0.1505732625722885
487,Deepseek,Attr Prompting,4,0.029965767264366172,0.22996576726436613,0.7400684654712677
488,Deepseek,Attr Prompting,5,0.0,0.11253103613853455,0.8874689638614655
489,Deepseek,Attr Prompting,6,0.13989376425743105,0.7,0.16010623574256896
490,Deepseek,Attr Prompting,9,0.027646960318088554,0.2276469603180885,0.7447060793638229
491,Deepseek,Attr Prompting,5,0.12423130273818972,0.42423130273818965,0.4515373945236206
492,Deepseek,Attr Prompting,7,0.0,0.19072309136390686,0.8092769086360931
493,Deepseek,Attr Prompting,8,0.06335038840770724,0.2633503884077072,0.6732992231845856
494,Deepseek,Attr Prompting,10,0.0,0.06811052560806274,0.9318894743919373
495,Deepseek,Attr Prompting,10,0.15094383955001833,0.7,0.14905616044998168
496,Deepseek,Attr Prompting,7,0.13216311633586886,0.7,0.16783688366413116
497,Deepseek,Attr Prompting,3,0.11556560695171358,0.4155656069517135,0.4688687860965729
498,Deepseek,Attr Prompting,10,0.0574516147375107,0.25745161473751066,0.6850967705249786
