chain_id,model,method,num_emails,sentiment_neg,sentiment_neu,sentiment_pos
0,GPT4,Bare Llama8B,5,0.11623662114143374,0.41623662114143367,0.4675267577171326
1,GPT4,Bare Llama8B,4,0.0,0.0056923627853393555,0.9943076372146606
2,GPT4,Bare Llama8B,5,0.8911970509216189,0.10880294907838106,0.0
3,GPT4,Bare Llama8B,4,0.0,0.06695830821990967,0.9330416917800903
4,GPT4,Bare Llama8B,2,0.0,0.12270128726959229,0.8772987127304077
5,GPT4,Bare Llama8B,5,0.14948136508464815,0.7,0.15051863491535186
6,GPT4,Bare Llama8B,2,0.0,0.03939893841743469,0.9606010615825653
7,GPT4,Bare Llama8B,3,0.11188315749168398,0.4118831574916839,0.4762336850166321
8,GPT4,Bare Llama8B,3,0.09190774857997897,0.2919077485799789,0.6161845028400421
9,GPT4,Bare Llama8B,3,0.08204815685749056,0.2820481568574905,0.6359036862850189
10,GPT4,Bare Llama8B,3,0.0,0.10577040910720825,0.8942295908927917
11,GPT4,Bare Llama8B,6,0.054548421502113364,0.2545484215021133,0.6909031569957733
12,GPT4,Bare Llama8B,6,0.11164584159851076,0.4116458415985107,0.47670831680297854
13,GPT4,Bare Llama8B,8,0.0,0.017066657543182373,0.9829333424568176
14,GPT4,Bare Llama8B,3,0.04171420037746432,0.24171420037746427,0.7165715992450714
15,GPT4,Bare Llama8B,1,0.0,0.007168710231781006,0.992831289768219
16,GPT4,Bare Llama8B,4,0.0753533333539963,0.27535333335399625,0.6492933332920074
17,GPT4,Bare Llama8B,4,0.14777343869209292,0.7,0.1522265613079071
18,GPT4,Bare Llama8B,4,0.08728418648242953,0.2872841864824295,0.625431627035141
19,GPT4,Bare Llama8B,7,0.0353123337030411,0.23531233370304105,0.7293753325939178
20,GPT4,Bare Llama8B,5,0.11378830075263979,0.4137883007526397,0.4724233984947205
21,GPT4,Bare Llama8B,5,0.140435928106308,0.7,0.159564071893692
22,GPT4,Bare Llama8B,5,0.14300855398178103,0.7,0.156991446018219
23,GPT4,Bare Llama8B,3,0.0,0.08778885006904602,0.912211149930954
24,GPT4,Bare Llama8B,4,0.0,0.1588948667049408,0.8411051332950592
25,GPT4,Bare Llama8B,4,0.027194806933403037,0.227194806933403,0.745610386133194
26,GPT4,Bare Llama8B,2,0.13317585885524752,0.7,0.1668241411447525
27,GPT4,Bare Llama8B,4,0.0035173386335373147,0.20351733863353727,0.7929653227329254
28,GPT4,Bare Llama8B,4,0.0,0.04782867431640625,0.9521713256835938
29,GPT4,Bare Llama8B,4,0.10826391875743868,0.4082639187574386,0.4834721624851227
30,GPT4,Bare Llama8B,4,0.0,0.06246739625930786,0.9375326037406921
31,GPT4,Bare Llama8B,2,0.13714928328990938,0.7,0.16285071671009063
32,GPT4,Bare Llama8B,3,0.0,0.08737742900848389,0.9126225709915161
33,GPT4,Bare Llama8B,3,0.0,0.006719499826431274,0.9932805001735687
34,GPT4,Bare Llama8B,5,0.0020495742559433205,0.20204957425594328,0.7959008514881134
35,GPT4,Bare Llama8B,3,0.0,0.06525459885597229,0.9347454011440277
36,GPT4,Bare Llama8B,3,0.0,0.11522188782691956,0.8847781121730804
37,GPT4,Bare Llama8B,2,0.15257556140422823,0.7,0.14742443859577178
38,GPT4,Bare Llama8B,5,0.12248677909374239,0.4224867790937423,0.4550264418125153
39,GPT4,Bare Llama8B,1,0.16618346571922304,0.7,0.13381653428077697
40,GPT4,Bare Llama8B,6,0.0,0.1852824091911316,0.8147175908088684
41,GPT4,Bare Llama8B,5,0.06172316670417788,0.26172316670417783,0.6765536665916443
42,GPT4,Bare Llama8B,2,0.0,0.013076484203338623,0.9869235157966614
43,GPT4,Bare Llama8B,4,0.0,0.002969890832901001,0.997030109167099
44,GPT4,Bare Llama8B,3,0.0,0.03419947624206543,0.9658005237579346
45,GPT4,Bare Llama8B,4,0.0,0.031435638666152954,0.968564361333847
46,GPT4,Bare Llama8B,3,0.0,0.09872326254844666,0.9012767374515533
47,GPT4,Bare Llama8B,4,0.04892891049385073,0.24892891049385069,0.7021421790122986
48,GPT4,Bare Llama8B,5,0.0,0.10653531551361084,0.8934646844863892
49,GPT4,Bare Llama8B,8,0.10137892663478854,0.40137892663478847,0.497242146730423
50,GPT4,Bare Llama8B,3,0.029785388708114646,0.2297853887081146,0.7404292225837708
51,GPT4,Bare Llama8B,7,0.11701979637145998,0.4170197963714599,0.4659604072570801
52,GPT4,Bare Llama8B,6,0.0,0.059998780488967896,0.9400012195110321
53,GPT4,Bare Llama8B,4,0.0,0.05642154812812805,0.943578451871872
54,GPT4,Bare Llama8B,3,0.0,0.16252216696739197,0.837477833032608
55,GPT4,Bare Llama8B,3,0.0,0.004457741975784302,0.9955422580242157
56,GPT4,Bare Llama8B,3,0.11736185252666476,0.4173618525266647,0.46527629494667055
57,GPT4,Bare Llama8B,4,0.1108002156019211,0.41080021560192104,0.47839956879615786
58,GPT4,Bare Llama8B,4,0.0,0.15387248992919922,0.8461275100708008
59,GPT4,Bare Llama8B,5,0.09693598151206972,0.2969359815120697,0.6061280369758606
60,GPT4,Bare Llama8B,3,0.06694521903991701,0.26694521903991697,0.666109561920166
61,GPT4,Bare Llama8B,5,0.022581228613853477,0.22258122861385343,0.7548375427722931
62,GPT4,Bare Llama8B,8,0.0,0.016548514366149902,0.9834514856338501
63,GPT4,Bare Llama8B,3,0.0,0.12666022777557373,0.8733397722244263
64,GPT4,Bare Llama8B,2,0.0,0.10261592268943787,0.8973840773105621
65,GPT4,Bare Llama8B,6,0.09706749916076662,0.2970674991607666,0.6058650016784668
66,GPT4,Bare Llama8B,6,0.0,0.025921285152435303,0.9740787148475647
67,GPT4,Bare Llama8B,2,0.0,0.16874048113822937,0.8312595188617706
68,GPT4,Bare Llama8B,5,0.0,0.012947261333465576,0.9870527386665344
69,GPT4,Bare Llama8B,6,0.14991247057914736,0.7,0.15008752942085266
70,GPT4,Bare Llama8B,3,0.15958441197872164,0.7,0.14041558802127838
71,GPT4,Bare Llama8B,3,0.054693260788917564,0.2546932607889175,0.6906134784221649
72,GPT4,Bare Llama8B,3,0.0,0.06277117133140564,0.9372288286685944
73,GPT4,Bare Llama8B,5,0.0,0.09011688828468323,0.9098831117153168
74,GPT4,Bare Llama8B,4,0.12959022223949435,0.7,0.17040977776050567
75,GPT4,Bare Llama8B,5,0.09510824978351595,0.2951082497835159,0.6097835004329681
76,GPT4,Bare Llama8B,5,0.042563685774803184,0.24256368577480314,0.7148726284503937
77,GPT4,Bare Llama8B,6,0.08046958744525912,0.28046958744525907,0.6390608251094818
78,GPT4,Bare Llama8B,2,0.0,0.1832088828086853,0.8167911171913147
79,GPT4,Bare Llama8B,4,0.0,0.16080248355865479,0.8391975164413452
80,GPT4,Bare Llama8B,6,0.14696967005729678,0.7,0.15303032994270324
81,GPT4,Bare Llama8B,5,0.09016709923744204,0.290167099237442,0.619665801525116
82,GPT4,Bare Llama8B,4,0.1202211916446686,0.42022119164466853,0.45955761671066286
83,GPT4,Bare Llama8B,4,0.0,0.14816898107528687,0.8518310189247131
84,GPT4,Bare Llama8B,2,0.0,0.117166668176651,0.882833331823349
85,GPT4,Bare Llama8B,3,0.0,0.00943005084991455,0.9905699491500854
86,GPT4,Bare Llama8B,7,0.0,0.09835800528526306,0.9016419947147369
87,GPT4,Bare Llama8B,5,0.0,0.02492496371269226,0.9750750362873077
88,GPT4,Bare Llama8B,4,0.9773775804787874,0.022622419521212578,0.0
89,GPT4,Bare Llama8B,9,0.0,0.10686647891998291,0.8931335210800171
90,GPT4,Bare Llama8B,5,0.03927125930786135,0.2392712593078613,0.7214574813842773
91,GPT4,Bare Llama8B,5,0.14127078056335451,0.7,0.1587292194366455
92,GPT4,Bare Llama8B,3,0.028062561154365562,0.22806256115436552,0.7438748776912689
93,GPT4,Bare Llama8B,2,0.09378975033760073,0.2937897503376007,0.6124204993247986
94,GPT4,Bare Llama8B,3,0.0,0.023373275995254517,0.9766267240047455
95,GPT4,Bare Llama8B,2,0.12955316305160525,0.7,0.17044683694839477
96,GPT4,Bare Llama8B,2,0.11997953951358797,0.4199795395135879,0.4600409209728241
97,GPT4,Bare Llama8B,3,0.0,0.021356970071792603,0.9786430299282074
98,GPT4,Bare Llama8B,4,0.0,0.13343244791030884,0.8665675520896912
99,GPT4,Bare Llama8B,1,0.0,0.05557680130004883,0.9444231986999512
100,GPT4,Bare Llama8B,5,0.005826482176780723,0.20582648217678068,0.7883470356464386
101,GPT4,Bare Llama8B,6,0.031876572966575645,0.2318765729665756,0.7362468540668488
102,GPT4,Bare Llama8B,4,0.0,0.005377262830734253,0.9946227371692657
103,GPT4,Bare Llama8B,3,0.028442302346229575,0.22844230234622953,0.7431153953075409
104,GPT4,Bare Llama8B,4,0.0,0.06810954213142395,0.931890457868576
105,GPT4,Bare Llama8B,6,0.0,0.17930316925048828,0.8206968307495117
106,GPT4,Bare Llama8B,4,0.0,0.12163102626800537,0.8783689737319946
107,GPT4,Bare Llama8B,3,0.05289732813835146,0.2528973281383514,0.6942053437232971
108,GPT4,Bare Llama8B,6,0.0,0.15655195713043213,0.8434480428695679
109,GPT4,Bare Llama8B,3,0.049184182286262534,0.2491841822862625,0.701631635427475
110,GPT4,Bare Llama8B,3,0.0,0.03934332728385925,0.9606566727161407
111,GPT4,Bare Llama8B,5,0.1354080677032471,0.7,0.16459193229675292
112,GPT4,Bare Llama8B,5,0.0,0.08933815360069275,0.9106618463993073
113,GPT4,Bare Llama8B,6,0.059936323761940025,0.25993632376194,0.68012735247612
114,GPT4,Bare Llama8B,3,0.0,0.08528336882591248,0.9147166311740875
115,GPT4,Bare Llama8B,3,0.0,0.005254566669464111,0.9947454333305359
116,GPT4,Bare Llama8B,4,0.06707979142665865,0.2670797914266586,0.6658404171466827
117,GPT4,Bare Llama8B,3,0.0,0.013438612222671509,0.9865613877773285
118,GPT4,Bare Llama8B,3,0.1511565834283829,0.7,0.14884341657161712
119,GPT4,Bare Llama8B,2,0.0,0.0297834575176239,0.9702165424823761
120,GPT4,Bare Llama8B,4,0.1442135810852051,0.7,0.15578641891479492
121,GPT4,Bare Llama8B,2,0.025372529029846214,0.22537252902984617,0.7492549419403076
122,GPT4,Bare Llama8B,3,0.05861167013645174,0.2586116701364517,0.6827766597270966
123,GPT4,Bare Llama8B,7,0.0,0.11842340230941772,0.8815765976905823
124,GPT4,Bare Llama8B,3,0.9861722989007831,0.013827701099216938,0.0
125,GPT4,Bare Llama8B,7,0.0,0.02035212516784668,0.9796478748321533
126,GPT4,Bare Llama8B,5,0.15112691521644595,0.7,0.14887308478355407
127,GPT4,Bare Llama8B,5,0.08355402350425722,0.2835540235042572,0.6328919529914856
128,GPT4,Bare Llama8B,4,0.0,0.027420729398727417,0.9725792706012726
129,GPT4,Bare Llama8B,4,0.0,0.1524791717529297,0.8475208282470703
130,GPT4,Bare Llama8B,4,0.12799755632877352,0.7,0.1720024436712265
131,GPT4,Bare Llama8B,2,0.04777961373329165,0.2477796137332916,0.7044407725334167
132,GPT4,Bare Llama8B,1,0.0,0.08109983801841736,0.9189001619815826
133,GPT4,Bare Llama8B,2,0.004929193854331992,0.20492919385433195,0.7901416122913361
134,GPT4,Bare Llama8B,4,0.0,0.06575626134872437,0.9342437386512756
135,GPT4,Bare Llama8B,3,0.02464970350265505,0.224649703502655,0.7507005929946899
136,GPT4,Bare Llama8B,4,0.12539475560188296,0.7,0.17460524439811706
137,GPT4,Bare Llama8B,4,0.12303794324398043,0.42303794324398036,0.4539241135120392
138,GPT4,Bare Llama8B,3,0.0,0.18718558549880981,0.8128144145011902
139,GPT4,Bare Llama8B,2,0.08514524400234225,0.2851452440023422,0.6297095119953156
140,GPT4,Bare Llama8B,3,0.09509145617485049,0.29509145617485044,0.6098170876502991
141,GPT4,Bare Llama8B,4,0.0,0.016843169927597046,0.983156830072403
142,GPT4,Bare Llama8B,2,0.0,0.05821925401687622,0.9417807459831238
143,GPT4,Bare Llama8B,2,0.0,0.10536101460456848,0.8946389853954315
144,GPT4,Bare Llama8B,3,0.0,0.0500464141368866,0.9499535858631134
145,GPT4,Bare Llama8B,3,0.06252864897251131,0.26252864897251127,0.6749427020549774
146,GPT4,Bare Llama8B,4,0.11916069090366366,0.4191606909036636,0.46167861819267275
147,GPT4,Bare Llama8B,5,0.06443067789077761,0.26443067789077757,0.6711386442184448
148,GPT4,Bare Llama8B,5,0.0,0.1944524645805359,0.8055475354194641
149,GPT4,Bare Llama8B,5,0.0,0.09742546081542969,0.9025745391845703
150,GPT4,Bare Llama8B,4,0.13732954263687136,0.7,0.16267045736312866
151,GPT4,Bare Llama8B,6,0.14875421822071078,0.7,0.15124578177928924
152,GPT4,Bare Llama8B,4,0.0,0.02247336506843567,0.9775266349315643
153,GPT4,Bare Llama8B,7,0.14365134537220003,0.7,0.15634865462779998
154,GPT4,Bare Llama8B,3,0.011711457371711753,0.2117114573717117,0.7765770852565765
155,GPT4,Bare Llama8B,3,0.15048352777957918,0.7,0.14951647222042083
156,GPT4,Bare Llama8B,2,0.0,0.10760068893432617,0.8923993110656738
157,GPT4,Bare Llama8B,3,0.0,0.09497204422950745,0.9050279557704926
158,GPT4,Bare Llama8B,2,0.03842946290969851,0.23842946290969846,0.723141074180603
159,GPT4,Bare Llama8B,3,0.15109152495861056,0.7,0.14890847504138946
160,GPT4,Bare Llama8B,8,0.9473098684102297,0.05269013158977032,0.0
161,GPT4,Bare Llama8B,5,0.8022613823413849,0.1977386176586151,0.0
162,GPT4,Bare Llama8B,2,0.08937413394451144,0.2893741339445114,0.6212517321109772
163,GPT4,Bare Llama8B,3,0.07590402066707613,0.2759040206670761,0.6481919586658478
164,GPT4,Bare Llama8B,3,0.15367785990238192,0.7,0.1463221400976181
165,GPT4,Bare Llama8B,4,0.14729453027248385,0.7,0.15270546972751617
166,GPT4,Bare Llama8B,4,0.0,0.0460813045501709,0.9539186954498291
167,GPT4,Bare Llama8B,6,0.9878644794225693,0.012135520577430725,0.0
168,GPT4,Bare Llama8B,4,0.0,0.09368473291397095,0.906315267086029
169,GPT4,Bare Llama8B,3,0.11260596811771395,0.4126059681177139,0.47478806376457217
170,GPT4,Bare Llama8B,4,0.09765625894069674,0.2976562589406967,0.6046874821186066
171,GPT4,Bare Llama8B,2,0.053834357857704185,0.25383435785770414,0.6923312842845917
172,GPT4,Bare Llama8B,3,0.0,0.16332706809043884,0.8366729319095612
173,GPT4,Bare Llama8B,3,0.0,0.04663607478141785,0.9533639252185822
174,GPT4,Bare Llama8B,2,0.1062029838562012,0.4062029838562011,0.4875940322875977
175,GPT4,Bare Llama8B,6,0.10422016084194186,0.4042201608419418,0.49155967831611636
176,GPT4,Bare Llama8B,8,0.01178584396839144,0.2117858439683914,0.7764283120632172
177,GPT4,Bare Llama8B,6,0.0,0.08219677209854126,0.9178032279014587
178,GPT4,Bare Llama8B,3,0.14868305027484896,0.7,0.15131694972515106
179,GPT4,Bare Llama8B,5,0.15818669795989992,0.7,0.1418133020401001
180,GPT4,Bare Llama8B,2,0.9966879244893789,0.003312075510621071,0.0
181,GPT4,Bare Llama8B,4,0.14872566759586336,0.7,0.15127433240413665
182,GPT4,Bare Llama8B,2,0.0,0.09371134638786316,0.9062886536121368
183,GPT4,Bare Llama8B,3,0.0,0.04253831505775452,0.9574616849422455
184,GPT4,Bare Llama8B,4,0.0,0.02908843755722046,0.9709115624427795
185,GPT4,Bare Llama8B,3,0.12409108281135561,0.42409108281135555,0.45181783437728884
186,GPT4,Bare Llama8B,6,0.10982086658477785,0.4098208665847778,0.48035826683044436
187,GPT4,Bare Llama8B,4,0.14851708114147188,0.7,0.15148291885852813
188,GPT4,Bare Llama8B,11,0.0,0.19996482133865356,0.8000351786613464
189,GPT4,Bare Llama8B,2,0.9926610714755952,0.007338928524404764,0.0
190,GPT4,Bare Llama8B,4,0.14826692044734957,0.7,0.15173307955265045
191,GPT4,Bare Llama8B,10,0.07879220843315127,0.2787922084331512,0.6424155831336975
192,GPT4,Bare Llama8B,6,0.0,0.059340327978134155,0.9406596720218658
193,GPT4,Bare Llama8B,7,0.08309992551803591,0.28309992551803587,0.6338001489639282
194,GPT4,Bare Llama8B,2,0.12110129892826083,0.42110129892826076,0.4577974021434784
195,GPT4,Bare Llama8B,2,0.11137699484825136,0.4113769948482513,0.47724601030349734
196,GPT4,Bare Llama8B,4,0.013470405340194724,0.21347040534019468,0.7730591893196106
197,GPT4,Bare Llama8B,6,0.1458658814430237,0.7,0.1541341185569763
198,GPT4,Bare Llama8B,3,0.0,0.06972545385360718,0.9302745461463928
199,GPT4,Bare Llama8B,2,0.0,0.039227843284606934,0.9607721567153931
200,GPT4,Bare Llama8B,4,0.0,0.12673160433769226,0.8732683956623077
201,GPT4,Bare Llama8B,4,0.03411541283130648,0.23411541283130644,0.7317691743373871
202,GPT4,Bare Llama8B,6,0.07132085561752322,0.27132085561752317,0.6573582887649536
203,GPT4,Bare Llama8B,6,0.105475389957428,0.40547538995742793,0.48904922008514407
204,GPT4,Bare Llama8B,5,0.03645376265048983,0.23645376265048978,0.7270924746990204
205,GPT4,Bare Llama8B,8,0.0,0.02638891339302063,0.9736110866069794
206,GPT4,Bare Llama8B,3,0.0,0.006535828113555908,0.9934641718864441
207,GPT4,Bare Llama8B,5,0.037736842036247276,0.23773684203624723,0.7245263159275055
208,GPT4,Bare Llama8B,4,0.0,0.07335156202316284,0.9266484379768372
209,GPT4,Bare Llama8B,4,0.0,0.12586885690689087,0.8741311430931091
210,GPT4,Bare Llama8B,2,0.14947248399257662,0.7,0.1505275160074234
211,GPT4,Bare Llama8B,3,0.9463610905222595,0.053638909477740526,0.0
212,GPT4,Bare Llama8B,3,0.0,0.12963929772377014,0.8703607022762299
213,GPT4,Bare Llama8B,7,0.14624836444854739,0.7,0.15375163555145263
214,GPT4,Bare Llama8B,6,0.03477580249309542,0.23477580249309538,0.7304483950138092
215,GPT4,Bare Llama8B,3,0.09065791368484499,0.29065791368484495,0.6186841726303101
216,GPT4,Bare Llama8B,4,0.029376381635665916,0.22937638163566587,0.7412472367286682
217,GPT4,Bare Llama8B,4,0.11784000098705294,0.4178400009870529,0.4643199980258942
218,GPT4,Bare Llama8B,5,0.03298486173152926,0.2329848617315292,0.7340302765369415
219,GPT4,Bare Llama8B,3,0.015461438894271873,0.21546143889427183,0.7690771222114563
220,GPT4,Bare Llama8B,4,0.0,0.026364028453826904,0.9736359715461731
221,GPT4,Bare Llama8B,2,0.06255453228950503,0.262554532289505,0.67489093542099
222,GPT4,Bare Llama8B,3,0.0,0.13345280289649963,0.8665471971035004
223,GPT4,Bare Llama8B,2,0.0,0.022617071866989136,0.9773829281330109
224,GPT4,Bare Llama8B,2,0.0,0.03131541609764099,0.968684583902359
225,GPT4,Bare Llama8B,2,0.13144374787807467,0.7,0.16855625212192535
226,GPT4,Bare Llama8B,8,0.0,0.04399174451828003,0.95600825548172
227,GPT4,Bare Llama8B,3,0.0162819564342499,0.21628195643424986,0.7674360871315002
228,GPT4,Bare Llama8B,2,0.03772906363010409,0.23772906363010404,0.7245418727397919
229,GPT4,Bare Llama8B,3,0.079720014333725,0.27972001433372495,0.64055997133255
230,GPT4,Bare Llama8B,5,0.0,0.08578628301620483,0.9142137169837952
231,GPT4,Bare Llama8B,5,0.03963708281517031,0.23963708281517027,0.7207258343696594
232,GPT4,Bare Llama8B,4,0.017324873805046104,0.21732487380504606,0.7653502523899078
233,GPT4,Bare Llama8B,6,0.13532317578792574,0.7,0.16467682421207427
234,GPT4,Bare Llama8B,2,0.9980583706637844,0.0019416293362155557,0.0
235,GPT4,Bare Llama8B,2,0.04484804868698122,0.24484804868698118,0.7103039026260376
236,GPT4,Bare Llama8B,5,0.08385308980941775,0.2838530898094177,0.6322938203811646
237,GPT4,Bare Llama8B,3,0.11020571887493136,0.4102057188749313,0.47958856225013735
238,GPT4,Bare Llama8B,3,0.0,0.13906094431877136,0.8609390556812286
239,GPT4,Bare Llama8B,4,0.13989060521125796,0.7,0.16010939478874206
240,GPT4,Bare Llama8B,2,0.0,0.046266406774520874,0.9537335932254791
241,GPT4,Bare Llama8B,5,0.14074387550354006,0.7,0.15925612449645996
242,GPT4,Bare Llama8B,4,0.10892079174518587,0.4089207917451858,0.4821584165096283
243,GPT4,Bare Llama8B,4,0.9924645102582872,0.007535489741712809,0.0
244,GPT4,Bare Llama8B,2,0.1359886318445206,0.7,0.16401136815547943
245,GPT4,Bare Llama8B,3,0.0,0.004545331001281738,0.9954546689987183
246,GPT4,Bare Llama8B,4,0.0950388550758362,0.29503885507583616,0.6099222898483276
247,GPT4,Bare Llama8B,5,0.0,0.05978783965110779,0.9402121603488922
248,GPT4,Bare Llama8B,4,0.1509458661079407,0.7,0.14905413389205932
249,GPT4,Bare Llama8B,4,0.1458714693784714,0.7,0.15412853062152862
250,GPT4,Bare Llama8B,3,0.12274163365364077,0.4227416336536407,0.45451673269271853
251,GPT4,Bare Llama8B,3,0.0,0.04393240809440613,0.9560675919055939
252,GPT4,Bare Llama8B,4,0.15161926448345187,0.7,0.14838073551654815
253,GPT4,Bare Llama8B,5,0.143647575378418,0.7,0.15635242462158203
254,GPT4,Bare Llama8B,4,0.0,0.10409271717071533,0.8959072828292847
255,GPT4,Bare Llama8B,2,0.0,0.055796295404434204,0.9442037045955658
256,GPT4,Bare Llama8B,3,0.0,0.11142349243164062,0.8885765075683594
257,GPT4,Bare Llama8B,4,0.11909508109092715,0.4190950810909271,0.4618098378181458
258,GPT4,Bare Llama8B,3,0.0,0.13035163283348083,0.8696483671665192
259,GPT4,Bare Llama8B,9,0.1471621930599213,0.7,0.15283780694007873
260,GPT4,Bare Llama8B,4,0.06950707137584688,0.26950707137584684,0.6609858572483063
261,GPT4,Bare Llama8B,2,0.06585060954093935,0.2658506095409393,0.6682987809181213
262,GPT4,Bare Llama8B,1,0.0,0.008755505084991455,0.9912444949150085
263,GPT4,Bare Llama8B,5,0.0,0.18498274683952332,0.8150172531604767
264,GPT4,Bare Llama8B,4,0.02301653623580935,0.2230165362358093,0.7539669275283813
265,GPT4,Bare Llama8B,6,0.0,0.009343266487121582,0.9906567335128784
266,GPT4,Bare Llama8B,6,0.10385840535163882,0.40385840535163875,0.49228318929672243
267,GPT4,Bare Llama8B,5,0.08344663083553316,0.2834466308355331,0.6331067383289337
268,GPT4,Bare Llama8B,2,0.0,0.16686958074569702,0.833130419254303
269,GPT4,Bare Llama8B,5,0.0,0.005493968725204468,0.9945060312747955
270,GPT4,Bare Llama8B,8,0.14905334413051607,0.7,0.15094665586948394
271,GPT4,Bare Llama8B,5,0.0,0.1057596504688263,0.8942403495311737
272,GPT4,Bare Llama8B,7,0.053389573097229026,0.253389573097229,0.693220853805542
273,GPT4,Bare Llama8B,5,0.0,0.06861668825149536,0.9313833117485046
274,GPT4,Bare Llama8B,5,0.0,0.07255148887634277,0.9274485111236572
275,GPT4,Bare Llama8B,3,0.020484218001365684,0.22048421800136564,0.7590315639972687
276,GPT4,Bare Llama8B,4,0.07573826014995577,0.2757382601499557,0.6485234797000885
277,GPT4,Bare Llama8B,2,0.061201253533363364,0.2612012535333633,0.6775974929332733
278,GPT4,Bare Llama8B,2,0.02481661140918734,0.2248166114091873,0.7503667771816254
279,GPT4,Bare Llama8B,3,0.0,0.06973201036453247,0.9302679896354675
280,GPT4,Bare Llama8B,2,0.1518211454153061,0.7,0.1481788545846939
281,GPT4,Bare Llama8B,4,0.0,0.08630281686782837,0.9136971831321716
282,GPT4,Bare Llama8B,2,0.9993342449888587,0.0006657550111413002,0.0
283,GPT4,Bare Llama8B,5,0.045294085144996665,0.24529408514499662,0.7094118297100067
284,GPT4,Bare Llama8B,4,0.0,0.1607147455215454,0.8392852544784546
285,GPT4,Bare Llama8B,4,0.04339454472064974,0.2433945447206497,0.7132109105587006
286,GPT4,Bare Llama8B,3,0.014724963903427146,0.2147249639034271,0.7705500721931458
287,GPT4,Bare Llama8B,5,0.07533013224601748,0.27533013224601743,0.6493397355079651
288,GPT4,Bare Llama8B,2,0.0,0.006609082221984863,0.9933909177780151
289,GPT4,Bare Llama8B,3,0.9918644493445754,0.008135550655424595,0.0
290,GPT4,Bare Llama8B,3,0.0,0.09153693914413452,0.9084630608558655
291,GPT4,Bare Llama8B,2,0.9942213944159448,0.005778605584055185,0.0
292,GPT4,Bare Llama8B,4,0.14608831107616427,0.7,0.15391168892383575
293,GPT4,Bare Llama8B,7,0.15017137825489046,0.7,0.14982862174510955
294,GPT4,Bare Llama8B,5,0.0,0.09309154748916626,0.9069084525108337
295,GPT4,Bare Llama8B,3,0.15104117393493655,0.7,0.14895882606506347
296,GPT4,Bare Llama8B,3,0.0,0.015131562948226929,0.9848684370517731
297,GPT4,Bare Llama8B,6,0.0,0.018887460231781006,0.981112539768219
298,GPT4,Bare Llama8B,2,0.06564759612083437,0.26564759612083433,0.6687048077583313
299,GPT4,Bare Llama8B,4,0.03881166279315951,0.23881166279315946,0.722376674413681
300,GPT4,Bare Llama8B,7,0.0,0.08650010824203491,0.9134998917579651
301,GPT4,Bare Llama8B,3,0.12811454534530642,0.7,0.1718854546546936
302,GPT4,Bare Llama8B,4,0.0,0.09155529737472534,0.9084447026252747
303,GPT4,Bare Llama8B,8,0.12744230926036837,0.7,0.17255769073963165
304,GPT4,Bare Llama8B,6,0.004051113128662132,0.2040511131286621,0.7918977737426758
305,GPT4,Bare Llama8B,4,0.0,0.19817781448364258,0.8018221855163574
306,GPT4,Bare Llama8B,5,0.0,0.013565272092819214,0.9864347279071808
307,GPT4,Bare Llama8B,3,0.0,0.17385262250900269,0.8261473774909973
308,GPT4,Bare Llama8B,5,0.08124166131019595,0.2812416613101959,0.6375166773796082
309,GPT4,Bare Llama8B,4,0.024118342995643638,0.2241183429956436,0.7517633140087128
310,GPT4,Bare Llama8B,3,0.10754006505012514,0.4075400650501251,0.4849198698997498
311,GPT4,Bare Llama8B,4,0.0,0.10848784446716309,0.8915121555328369
312,GPT4,Bare Llama8B,5,0.0,0.06219780445098877,0.9378021955490112
313,GPT4,Bare Llama8B,5,0.11956518292427065,0.4195651829242706,0.46086963415145876
314,GPT4,Bare Llama8B,4,0.14993567168712618,0.7,0.15006432831287383
315,GPT4,Bare Llama8B,4,0.15044237077236178,0.7,0.14955762922763824
316,GPT4,Bare Llama8B,4,0.0,0.0969373881816864,0.9030626118183136
317,GPT4,Bare Llama8B,7,0.0,0.15484899282455444,0.8451510071754456
318,GPT4,Bare Llama8B,4,0.015980908274650596,0.21598090827465055,0.7680381834506989
319,GPT4,Bare Llama8B,5,0.0,0.10800641775131226,0.8919935822486877
320,GPT4,Bare Llama8B,3,0.0,0.16096484661102295,0.839035153388977
321,GPT4,Bare Llama8B,3,0.0,0.11227241158485413,0.8877275884151459
322,GPT4,Bare Llama8B,4,0.0,0.056826770305633545,0.9431732296943665
323,GPT4,Bare Llama8B,6,0.052355924248695396,0.25235592424869535,0.6952881515026093
324,GPT4,Bare Llama8B,4,0.14688565731048586,0.7,0.15311434268951415
325,GPT4,Bare Llama8B,5,0.09906690716743471,0.29906690716743467,0.6018661856651306
326,GPT4,Bare Llama8B,2,0.0,0.07526522874832153,0.9247347712516785
327,GPT4,Bare Llama8B,5,0.0,0.16832125186920166,0.8316787481307983
328,GPT4,Bare Llama8B,5,0.0,0.0523323118686676,0.9476676881313324
329,GPT4,Bare Llama8B,3,0.0,0.0771249532699585,0.9228750467300415
330,GPT4,Bare Llama8B,5,0.09926969707012179,0.29926969707012174,0.6014606058597565
331,GPT4,Bare Llama8B,7,0.05427629649639132,0.2542762964963913,0.6914474070072174
332,GPT4,Bare Llama8B,4,0.005415865778923057,0.205415865778923,0.7891682684421539
333,GPT4,Bare Llama8B,4,0.0,0.046927422285079956,0.95307257771492
334,GPT4,Bare Llama8B,4,0.06925197839736941,0.26925197839736936,0.6614960432052612
335,GPT4,Bare Llama8B,4,0.0,0.192231684923172,0.807768315076828
336,GPT4,Bare Llama8B,4,0.9713447662070394,0.028655233792960644,0.0
337,GPT4,Bare Llama8B,6,0.15006023049354555,0.7,0.14993976950645446
338,GPT4,Bare Llama8B,2,0.14923044443130495,0.7,0.15076955556869506
339,GPT4,Bare Llama8B,3,0.08041580915451052,0.2804158091545105,0.639168381690979
340,GPT4,Bare Llama8B,7,0.11873831748962405,0.418738317489624,0.462523365020752
341,GPT4,Bare Llama8B,8,0.11019943058490755,0.4101994305849075,0.47960113883018496
342,GPT4,Bare Llama8B,4,0.0,0.04832899570465088,0.9516710042953491
343,GPT4,Bare Llama8B,5,0.004172468185424827,0.20417246818542478,0.7916550636291504
344,GPT4,Bare Llama8B,2,0.11086333692073824,0.4108633369207382,0.4782733261585236
345,GPT4,Bare Llama8B,4,0.02632068991661074,0.2263206899166107,0.7473586201667786
346,GPT4,Bare Llama8B,5,0.11469320356845858,0.4146932035684585,0.4706135928630829
347,GPT4,Bare Llama8B,5,0.026181527972221397,0.22618152797222135,0.7476369440555573
348,GPT4,Bare Llama8B,4,0.0,0.07280951738357544,0.9271904826164246
349,GPT4,Bare Llama8B,5,0.0,0.12406760454177856,0.8759323954582214
350,GPT4,Bare Llama8B,4,0.0,0.11280280351638794,0.8871971964836121
351,GPT4,Bare Llama8B,3,0.11402768790721896,0.4140276879072189,0.47194462418556216
352,GPT4,Bare Llama8B,4,0.14849554896354678,0.7,0.15150445103645324
353,GPT4,Bare Llama8B,4,0.010606104135513328,0.21060610413551328,0.7787877917289734
354,GPT4,Bare Llama8B,4,0.08206883966922762,0.2820688396692276,0.6358623206615448
355,GPT4,Bare Llama8B,2,0.0,0.11660918593406677,0.8833908140659332
356,GPT4,Bare Llama8B,5,0.9489068324037362,0.05109316759626381,0.0
357,GPT4,Bare Llama8B,4,0.11993871033191683,0.41993871033191676,0.4601225793361664
358,GPT4,Bare Llama8B,3,0.12020645439624789,0.4202064543962478,0.4595870912075043
359,GPT4,Bare Llama8B,2,0.0,0.16043534874916077,0.8395646512508392
360,GPT4,Bare Llama8B,4,0.0,0.11826023459434509,0.8817397654056549
361,GPT4,Bare Llama8B,5,0.08793317675590517,0.28793317675590513,0.6241336464881897
362,GPT4,Bare Llama8B,5,0.10435425639152529,0.4043542563915252,0.4912914872169495
363,GPT4,Bare Llama8B,6,0.0,0.14261582493782043,0.8573841750621796
364,GPT4,Bare Llama8B,4,0.05696239471435549,0.25696239471435545,0.6860752105712891
365,GPT4,Bare Llama8B,6,0.12613959014415743,0.7,0.17386040985584258
366,GPT4,Bare Llama8B,3,0.04587540924549105,0.245875409245491,0.7082491815090179
367,GPT4,Bare Llama8B,4,0.14470946192741396,0.7,0.15529053807258605
368,GPT4,Bare Llama8B,5,0.07470751702785494,0.2747075170278549,0.6505849659442902
369,GPT4,Bare Llama8B,2,0.14955914914608004,0.7,0.15044085085391998
370,GPT4,Bare Llama8B,4,0.9694664771668613,0.030533522833138704,0.0
371,GPT4,Bare Llama8B,5,0.0,0.1961812973022461,0.8038187026977539
372,GPT4,Bare Llama8B,6,0.0,0.17222419381141663,0.8277758061885834
373,GPT4,Bare Llama8B,2,0.1316018044948578,0.7,0.1683981955051422
374,GPT4,Bare Llama8B,4,0.0,0.06484478712081909,0.9351552128791809
375,GPT4,Bare Llama8B,4,0.09357340037822726,0.2935734003782272,0.6128531992435455
376,GPT4,Bare Llama8B,2,0.04761501550674441,0.24761501550674436,0.7047699689865112
377,GPT4,Bare Llama8B,3,0.0,0.08870673179626465,0.9112932682037354
378,GPT4,Bare Llama8B,6,0.0,0.0664815604686737,0.9335184395313263
379,GPT4,Bare Llama8B,4,0.13725688457489016,0.7,0.16274311542510986
380,GPT4,Bare Llama8B,2,0.1472507804632187,0.7,0.1527492195367813
381,GPT4,Bare Llama8B,4,0.0,0.0921286940574646,0.9078713059425354
382,GPT4,Bare Llama8B,2,0.0,0.09324145317077637,0.9067585468292236
383,GPT4,Bare Llama8B,3,0.0,0.06255871057510376,0.9374412894248962
384,GPT4,Bare Llama8B,3,0.028375113010406516,0.22837511301040647,0.743249773979187
385,GPT4,Bare Llama8B,5,0.0,0.04908585548400879,0.9509141445159912
386,GPT4,Bare Llama8B,3,0.06735275089740755,0.2673527508974075,0.6652944982051849
387,GPT4,Bare Llama8B,4,0.09052261114120486,0.2905226111412048,0.6189547777175903
388,GPT4,Bare Llama8B,2,0.0,0.006609976291656494,0.9933900237083435
389,GPT4,Bare Llama8B,7,0.0,0.015663832426071167,0.9843361675739288
390,GPT4,Bare Llama8B,3,0.021830865740776084,0.22183086574077604,0.7563382685184479
391,GPT4,Bare Llama8B,7,0.1394668906927109,0.7,0.16053310930728912
392,GPT4,Bare Llama8B,4,0.0,0.017518967390060425,0.9824810326099396
393,GPT4,Bare Llama8B,2,0.0,0.08942368626594543,0.9105763137340546
394,GPT4,Bare Llama8B,4,0.0,0.13299241662025452,0.8670075833797455
395,GPT4,Bare Llama8B,4,0.09627086818218233,0.2962708681821823,0.6074582636356354
396,GPT4,Bare Llama8B,2,0.06480164229869845,0.2648016422986984,0.6703967154026031
397,GPT4,Bare Llama8B,5,0.0,0.005071103572845459,0.9949288964271545
398,GPT4,Bare Llama8B,5,0.13220288753509524,0.7,0.16779711246490478
399,GPT4,Bare Llama8B,3,0.1346247434616089,0.7,0.1653752565383911
400,GPT4,Bare Llama8B,7,0.039970779418945335,0.2399707794189453,0.7200584411621094
401,GPT4,Bare Llama8B,3,0.1284694015979767,0.7,0.1715305984020233
402,GPT4,Bare Llama8B,5,0.0,0.051058679819107056,0.9489413201808929
403,GPT4,Bare Llama8B,4,0.0,0.10871827602386475,0.8912817239761353
404,GPT4,Bare Llama8B,3,0.11818268299102785,0.4181826829910278,0.46363463401794436
405,GPT4,Bare Llama8B,3,0.9461659181397408,0.053834081860259175,0.0
406,GPT4,Bare Llama8B,4,0.0,0.08530116081237793,0.9146988391876221
407,GPT4,Bare Llama8B,4,0.10087067782878878,0.4008706778287887,0.4982586443424225
408,GPT4,Bare Llama8B,4,0.0,0.1106691062450409,0.8893308937549591
409,GPT4,Bare Llama8B,2,0.7894145213067532,0.2052927393466234,0.005292739346623415
410,GPT4,Bare Llama8B,4,0.06825917363166811,0.26825917363166807,0.6634816527366638
411,GPT4,Bare Llama8B,7,0.0,0.04001244902610779,0.9599875509738922
412,GPT4,Bare Llama8B,5,0.0,0.18904507160186768,0.8109549283981323
413,GPT4,Bare Llama8B,2,0.15212360918521883,0.7,0.14787639081478118
414,GPT4,Bare Llama8B,6,0.0,0.18162715435028076,0.8183728456497192
415,GPT4,Bare Llama8B,5,0.0,0.05267193913459778,0.9473280608654022
416,GPT4,Bare Llama8B,6,0.0,0.023111492395401,0.976888507604599
417,GPT4,Bare Llama8B,6,0.0,0.10249820351600647,0.8975017964839935
418,GPT4,Bare Llama8B,4,0.16701029762625696,0.7,0.13298970237374305
419,GPT4,Bare Llama8B,2,0.0,0.06417995691299438,0.9358200430870056
420,GPT4,Bare Llama8B,4,0.1411911189556122,0.7,0.1588088810443878
421,GPT4,Bare Llama8B,5,0.0,0.18642589449882507,0.8135741055011749
422,GPT4,Bare Llama8B,5,0.07841701209545138,0.27841701209545133,0.6431659758090973
423,GPT4,Bare Llama8B,2,0.13236121237277987,0.7,0.16763878762722015
424,GPT4,Bare Llama8B,5,0.1392573654651642,0.7,0.1607426345348358
425,GPT4,Bare Llama8B,5,0.12139166295528414,0.4213916629552841,0.4572166740894318
426,GPT4,Bare Llama8B,8,0.0,0.07066667079925537,0.9293333292007446
427,GPT4,Bare Llama8B,5,0.0,0.17360401153564453,0.8263959884643555
428,GPT4,Bare Llama8B,9,0.0,0.04643911123275757,0.9535608887672424
429,GPT4,Bare Llama8B,2,0.1498341202735901,0.7,0.1501658797264099
430,GPT4,Bare Llama8B,2,0.0,0.136344313621521,0.863655686378479
431,GPT4,Bare Llama8B,5,0.0772207319736481,0.27722073197364805,0.6455585360527039
432,GPT4,Bare Llama8B,4,0.09163611531257632,0.29163611531257627,0.6167277693748474
433,GPT4,Bare Llama8B,6,0.0472841799259186,0.24728417992591856,0.7054316401481628
434,GPT4,Bare Llama8B,3,0.08137164413928988,0.28137164413928983,0.6372567117214203
435,GPT4,Bare Llama8B,3,0.0,0.13336458802223206,0.8666354119777679
436,GPT4,Bare Llama8B,5,0.11572087705135348,0.4157208770513534,0.4685582458972931
437,GPT4,Bare Llama8B,4,0.14685177206993105,0.7,0.15314822793006896
438,GPT4,Bare Llama8B,4,0.06755928099155428,0.26755928099155424,0.6648814380168915
439,GPT4,Bare Llama8B,4,0.0,0.10346850752830505,0.896531492471695
440,GPT4,Bare Llama8B,4,0.015375861525535606,0.21537586152553556,0.7692482769489288
441,GPT4,Bare Llama8B,4,0.08317760527133944,0.2831776052713394,0.6336447894573212
442,GPT4,Bare Llama8B,3,0.0,0.192040354013443,0.807959645986557
443,GPT4,Bare Llama8B,2,0.15061348080635073,0.7,0.1493865191936493
444,GPT4,Bare Llama8B,9,0.0,0.11091387271881104,0.889086127281189
445,GPT4,Bare Llama8B,2,0.10685990154743197,0.4068599015474319,0.48628019690513613
446,GPT4,Bare Llama8B,4,0.0,0.05582872033119202,0.944171279668808
447,GPT4,Bare Llama8B,2,0.09832558929920199,0.29832558929920194,0.6033488214015961
448,GPT4,Bare Llama8B,4,0.13637655377388003,0.7,0.16362344622612
449,GPT4,Bare Llama8B,4,0.0,0.18879270553588867,0.8112072944641113
450,GPT4,Bare Llama8B,6,0.14909763759933414,0.7,0.15090236240066587
451,GPT4,Bare Llama8B,5,0.0,0.09717461466789246,0.9028253853321075
452,GPT4,Bare Llama8B,5,0.14908928573131563,0.7,0.15091071426868438
453,GPT4,Bare Llama8B,3,0.0,0.0171528160572052,0.9828471839427948
454,GPT4,Bare Llama8B,3,0.09268335402011874,0.2926833540201187,0.6146332919597626
455,GPT4,Bare Llama8B,3,0.14227663874626162,0.7,0.1577233612537384
456,GPT4,Bare Llama8B,2,0.0,0.09492838382720947,0.9050716161727905
457,GPT4,Bare Llama8B,8,0.0,0.005589842796325684,0.9944101572036743
458,GPT4,Bare Llama8B,3,0.06873292624950411,0.26873292624950407,0.6625341475009918
459,GPT4,Bare Llama8B,6,0.1501633018255234,0.7,0.14983669817447662
460,GPT4,Bare Llama8B,3,0.0,0.06818607449531555,0.9318139255046844
461,GPT4,Bare Llama8B,2,0.0,0.0605948269367218,0.9394051730632782
462,GPT4,Bare Llama8B,4,0.08822072446346285,0.2882207244634628,0.6235585510730743
463,GPT4,Bare Llama8B,6,0.9939616764895618,0.006038323510438204,0.0
464,GPT4,Bare Llama8B,4,0.04271105825901034,0.2427110582590103,0.7145778834819794
465,GPT4,Bare Llama8B,2,0.0,0.14125287532806396,0.858747124671936
466,GPT4,Bare Llama8B,4,0.09097004830837252,0.2909700483083725,0.618059903383255
467,GPT4,Bare Llama8B,3,0.0,0.07329493761062622,0.9267050623893738
468,GPT4,Bare Llama8B,3,0.1386334985494614,0.7,0.16136650145053863
469,GPT4,Bare Llama8B,5,0.04922448992729189,0.24922448992729185,0.7015510201454163
470,GPT4,Bare Llama8B,10,0.0,0.062470942735672,0.937529057264328
471,GPT4,Bare Llama8B,8,0.0,0.1768535077571869,0.8231464922428131
472,GPT4,Bare Llama8B,4,0.15122353434562685,0.7,0.14877646565437316
473,GPT4,Bare Llama8B,5,0.04457695186138155,0.2445769518613815,0.7108460962772369
474,GPT4,Bare Llama8B,4,0.0,0.0257168710231781,0.9742831289768219
475,GPT4,Bare Llama8B,3,0.13569564521312716,0.7,0.16430435478687286
476,GPT4,Bare Llama8B,4,0.0,0.16189360618591309,0.8381063938140869
477,GPT4,Bare Llama8B,4,0.08637125194072726,0.2863712519407272,0.6272574961185455
478,GPT4,Bare Llama8B,3,0.13725213110446932,0.7,0.1627478688955307
479,GPT4,Bare Llama8B,2,0.0,0.015449583530426025,0.984550416469574
480,GPT4,Bare Llama8B,2,0.09125190377235415,0.2912519037723541,0.6174961924552917
481,GPT4,Bare Llama8B,3,0.15040228664875033,0.7,0.1495977133512497
482,GPT4,Bare Llama8B,3,0.0007296144962311013,0.20072961449623106,0.7985407710075378
483,GPT4,Bare Llama8B,2,0.14241663515567782,0.7,0.1575833648443222
484,GPT4,Bare Llama8B,4,0.0,0.13340121507644653,0.8665987849235535
485,GPT4,Bare Llama8B,5,0.0,0.14502650499343872,0.8549734950065613
486,GPT4,Bare Llama8B,2,0.045542025566101096,0.24554202556610105,0.7089159488677979
487,GPT4,Bare Llama8B,8,0.0,0.05040594935417175,0.9495940506458282
488,GPT4,Bare Llama8B,5,0.0,0.04282769560813904,0.957172304391861
489,GPT4,Bare Llama8B,7,0.0,0.19299662113189697,0.807003378868103
490,GPT4,Bare Llama8B,2,0.13698595166206362,0.7,0.1630140483379364
491,GPT4,Bare Llama8B,3,0.0,0.17213976383209229,0.8278602361679077
492,GPT4,Bare Llama8B,4,0.0,0.11876019835472107,0.8812398016452789
493,GPT4,Bare Llama8B,2,0.139772766828537,0.7,0.160227233171463
494,GPT4,Bare Llama8B,5,0.0,0.08805742859840393,0.9119425714015961
495,GPT4,Bare Llama8B,5,0.04331607520580294,0.2433160752058029,0.7133678495883942
496,GPT4,Bare Llama8B,4,0.10724813640117647,0.4072481364011764,0.4855037271976471
497,GPT4,Bare Llama8B,3,0.0,0.016558945178985596,0.9834410548210144
498,GPT4,Bare Llama8B,4,0.14507348239421847,0.7,0.15492651760578155
499,GPT4,Bare Llama8B,3,0.0,0.07232663035392761,0.9276733696460724
500,GPT4,Bare Llama8B,4,0.041424968838691734,0.2414249688386917,0.7171500623226166
501,GPT4,Bare Llama8B,3,0.0,0.15965351462364197,0.840346485376358
502,GPT4,Bare Llama8B,3,0.0,0.08785736560821533,0.9121426343917847
503,GPT4,Bare Llama8B,2,0.0,0.0578857958316803,0.9421142041683197
504,GPT4,Bare Llama8B,2,0.0,0.16138219833374023,0.8386178016662598
505,GPT4,Bare Llama8B,2,0.0,0.1138656735420227,0.8861343264579773
506,GPT4,Bare Llama8B,7,0.04614568650722506,0.24614568650722501,0.7077086269855499
507,GPT4,Bare Llama8B,5,0.05240220725536349,0.25240220725536344,0.6951955854892731
508,GPT4,Bare Llama8B,5,0.1454718202352524,0.7,0.15452817976474761
509,GPT4,Bare Llama8B,3,0.07361131310462954,0.2736113131046295,0.652777373790741
510,GPT4,Bare Llama8B,3,0.13470912873744967,0.7,0.16529087126255035
511,GPT4,Bare Llama8B,5,0.03230088353157046,0.2323008835315704,0.7353982329368591
512,GPT4,Bare Llama8B,4,0.09779227674007418,0.29779227674007414,0.6044154465198517
513,GPT4,Bare Llama8B,2,0.0,0.19945472478866577,0.8005452752113342
514,GPT4,Bare Llama8B,5,0.14971561133861544,0.7,0.15028438866138458
515,GPT4,Bare Llama8B,8,0.12548855841159823,0.7,0.1745114415884018
516,GPT4,Bare Llama8B,6,0.1554549723863602,0.7,0.14454502761363983
517,GPT4,Bare Llama8B,3,0.0,0.08765235543251038,0.9123476445674896
518,GPT4,Bare Llama8B,4,0.03539993762969973,0.23539993762969968,0.7292001247406006
519,GPT4,Bare Llama8B,3,0.0,0.012813657522201538,0.9871863424777985
520,GPT4,Bare Llama8B,7,0.08108960986137392,0.2810896098613739,0.6378207802772522
521,GPT4,Bare Llama8B,8,0.0,0.005215734243392944,0.9947842657566071
522,GPT4,Bare Llama8B,5,0.0,0.07244259119033813,0.9275574088096619
523,GPT4,Bare Llama8B,5,0.048172110319137595,0.24817211031913755,0.7036557793617249
524,GPT4,Bare Llama8B,2,0.0,0.0370936393737793,0.9629063606262207
525,GPT4,Bare Llama8B,4,0.0,0.12258979678153992,0.8774102032184601
526,GPT4,Bare Llama8B,2,0.0,0.10965219140052795,0.890347808599472
527,GPT4,Bare Llama8B,4,0.0,0.19118255376815796,0.808817446231842
528,GPT4,Bare Llama8B,4,0.14858079850673678,0.7,0.15141920149326324
529,GPT4,Bare Llama8B,2,0.12329139709472658,0.4232913970947265,0.4534172058105469
530,GPT4,Bare Llama8B,6,0.1213425934314728,0.42134259343147273,0.45731481313705447
531,GPT4,Bare Llama8B,3,0.09274659454822543,0.2927465945482254,0.6145068109035492
532,GPT4,Bare Llama8B,3,0.01596396565437319,0.21596396565437315,0.7680720686912537
533,GPT4,Bare Llama8B,4,0.131103390455246,0.7,0.16889660954475402
534,GPT4,Bare Llama8B,5,0.042743855714797996,0.24274385571479795,0.714512288570404
535,GPT4,Bare Llama8B,5,0.14949295818805697,0.7,0.15050704181194305
536,GPT4,Bare Llama8B,4,0.04440315961837771,0.24440315961837766,0.7111936807632446
537,GPT4,Bare Llama8B,5,0.1416094392538071,0.7,0.15839056074619293
538,GPT4,Bare Llama8B,8,0.0,0.012832462787628174,0.9871675372123718
539,GPT4,Bare Llama8B,3,0.14145790934562685,0.7,0.15854209065437316
540,GPT4,Bare Llama8B,5,0.0,0.176899254322052,0.823100745677948
541,GPT4,Bare Llama8B,4,0.08525488674640658,0.28525488674640653,0.6294902265071869
542,GPT4,Bare Llama8B,3,0.1259550988674164,0.7,0.1740449011325836
543,GPT4,Bare Llama8B,4,0.08079027533531191,0.28079027533531187,0.6384194493293762
544,GPT4,Bare Llama8B,6,0.0,0.09974712133407593,0.9002528786659241
545,GPT4,Bare Llama8B,3,0.08426109850406649,0.28426109850406645,0.6314778029918671
546,GPT4,Bare Llama8B,3,0.14731928110122683,0.7,0.1526807188987732
547,GPT4,Bare Llama8B,4,0.12245855629444125,0.4224585562944412,0.4550828874111176
548,GPT4,Bare Llama8B,4,0.9676036115270108,0.0323963884729892,0.0
549,GPT4,Bare Llama8B,3,0.0,0.03914964199066162,0.9608503580093384
