chain_id,model,method,num_emails,sentiment_neg,sentiment_neu,sentiment_pos
0,GPT4,Attr Prompting,4,0.1307425141334534,0.7,0.16925748586654663
1,GPT4,Attr Prompting,3,0.11540383994579317,0.4154038399457931,0.4691923201084137
2,GPT4,Attr Prompting,4,0.1360193729400635,0.7,0.16398062705993652
3,GPT4,Attr Prompting,5,0.0007978767156601174,0.20079787671566007,0.7984042465686798
4,GPT4,Attr Prompting,3,0.01944656074047091,0.21944656074047086,0.7611068785190582
5,GPT4,Attr Prompting,4,0.1459865063428879,0.7,0.15401349365711212
6,GPT4,Attr Prompting,3,0.10257070660591128,0.4025707066059112,0.4948585867881775
7,GPT4,Attr Prompting,3,0.01152400076389315,0.2115240007638931,0.7769519984722137
8,GPT4,Attr Prompting,3,0.014035263657569907,0.21403526365756986,0.7719294726848602
9,GPT4,Attr Prompting,4,0.0892349421977997,0.28923494219779966,0.6215301156044006
10,GPT4,Attr Prompting,4,0.0,0.11215580999851227,0.8878441900014877
11,GPT4,Attr Prompting,7,0.14122975766658785,0.7,0.15877024233341216
12,GPT4,Attr Prompting,4,0.0,0.053453266620635986,0.946546733379364
13,GPT4,Attr Prompting,9,0.0,0.0060156285762786865,0.9939843714237213
14,GPT4,Attr Prompting,7,0.014482134580612205,0.21448213458061216,0.7710357308387756
15,GPT4,Attr Prompting,9,0.14408245086669924,0.7,0.15591754913330078
16,GPT4,Attr Prompting,4,0.13295468091964724,0.7,0.16704531908035278
17,GPT4,Attr Prompting,7,0.13664416372776034,0.7,0.16335583627223968
18,GPT4,Attr Prompting,4,0.13152643442153933,0.7,0.1684735655784607
19,GPT4,Attr Prompting,4,0.0,0.11947482824325562,0.8805251717567444
20,GPT4,Attr Prompting,4,0.13681241273880007,0.7,0.16318758726119995
21,GPT4,Attr Prompting,4,0.12137573361396792,0.42137573361396785,0.45724853277206423
22,GPT4,Attr Prompting,10,0.1437642812728882,0.7,0.1562357187271118
23,GPT4,Attr Prompting,8,0.14790444970130923,0.7,0.1520955502986908
24,GPT4,Attr Prompting,9,0.06921293735504153,0.2692129373550415,0.661574125289917
25,GPT4,Attr Prompting,6,0.03366951048374178,0.23366951048374174,0.7326609790325165
26,GPT4,Attr Prompting,3,0.0,0.14342665672302246,0.8565733432769775
27,GPT4,Attr Prompting,5,0.0,0.17104637622833252,0.8289536237716675
28,GPT4,Attr Prompting,4,0.1526216804981232,0.7,0.14737831950187683
29,GPT4,Attr Prompting,10,0.0,0.09588310122489929,0.9041168987751007
30,GPT4,Attr Prompting,7,0.0,0.020641684532165527,0.9793583154678345
31,GPT4,Attr Prompting,7,0.1427276819944382,0.7,0.15727231800556182
32,GPT4,Attr Prompting,7,0.0,0.1766243278980255,0.8233756721019745
33,GPT4,Attr Prompting,6,0.0389964818954468,0.23899648189544676,0.7220070362091064
34,GPT4,Attr Prompting,6,0.0,0.03700265288352966,0.9629973471164703
35,GPT4,Attr Prompting,8,0.0,0.08484616875648499,0.915153831243515
36,GPT4,Attr Prompting,3,0.03900116086006167,0.23900116086006162,0.7219976782798767
37,GPT4,Attr Prompting,6,0.0,0.039812296628952026,0.960187703371048
38,GPT4,Attr Prompting,5,0.14830287694931032,0.7,0.1516971230506897
39,GPT4,Attr Prompting,9,0.0,0.021451815962791443,0.9785481840372086
40,GPT4,Attr Prompting,5,0.03154590129852297,0.23154590129852293,0.7369081974029541
41,GPT4,Attr Prompting,7,0.0,0.1286642849445343,0.8713357150554657
42,GPT4,Attr Prompting,6,0.02001389265060427,0.22001389265060423,0.7599722146987915
43,GPT4,Attr Prompting,6,0.0,0.10237759351730347,0.8976224064826965
44,GPT4,Attr Prompting,9,0.1007759362459183,0.40077593624591823,0.4984481275081635
45,GPT4,Attr Prompting,3,0.03776288926601412,0.23776288926601408,0.7244742214679718
46,GPT4,Attr Prompting,6,0.11147890388965609,0.411478903889656,0.4770421922206879
47,GPT4,Attr Prompting,10,0.0,0.13614831864833832,0.8638516813516617
48,GPT4,Attr Prompting,5,0.1474554777145386,0.7,0.15254452228546142
49,GPT4,Attr Prompting,6,0.15023998320102694,0.7,0.14976001679897308
50,GPT4,Attr Prompting,6,0.0,0.02684539556503296,0.973154604434967
51,GPT4,Attr Prompting,8,0.0,0.10859036445617676,0.8914096355438232
52,GPT4,Attr Prompting,9,0.0,0.010222986340522766,0.9897770136594772
53,GPT4,Attr Prompting,10,0.05436549484729769,0.25436549484729765,0.6912690103054047
54,GPT4,Attr Prompting,8,0.044190102815628074,0.24419010281562803,0.7116197943687439
55,GPT4,Attr Prompting,8,0.06261263936758044,0.2626126393675804,0.6747747212648392
56,GPT4,Attr Prompting,8,0.09222514331340792,0.2922251433134079,0.6155497133731842
57,GPT4,Attr Prompting,4,0.13550356924533846,0.7,0.16449643075466155
58,GPT4,Attr Prompting,6,0.0937154829502106,0.29371548295021055,0.6125690340995789
59,GPT4,Attr Prompting,7,0.0,0.18076862394809723,0.8192313760519028
60,GPT4,Attr Prompting,6,0.140480974316597,0.7,0.159519025683403
61,GPT4,Attr Prompting,7,0.0,0.19763031601905823,0.8023696839809418
62,GPT4,Attr Prompting,10,0.026019328832626365,0.22601932883262632,0.7479613423347473
63,GPT4,Attr Prompting,6,0.07240150272846224,0.2724015027284622,0.6551969945430756
64,GPT4,Attr Prompting,5,0.12602501511573794,0.7,0.17397498488426208
65,GPT4,Attr Prompting,4,0.106292599439621,0.4062925994396209,0.4874148011207581
66,GPT4,Attr Prompting,3,0.14414399266242983,0.7,0.15585600733757018
67,GPT4,Attr Prompting,5,0.017507353425025962,0.21750735342502592,0.7649852931499481
68,GPT4,Attr Prompting,3,0.0,0.03476718068122864,0.9652328193187714
69,GPT4,Attr Prompting,4,0.008736030757427238,0.2087360307574272,0.7825279384851456
70,GPT4,Attr Prompting,6,0.10610481500625613,0.40610481500625606,0.4877903699874878
71,GPT4,Attr Prompting,5,0.02624044716358187,0.22624044716358183,0.7475191056728363
72,GPT4,Attr Prompting,5,0.14124400317668917,0.7,0.15875599682331085
73,GPT4,Attr Prompting,5,0.015244865417480491,0.21524486541748045,0.7695102691650391
74,GPT4,Attr Prompting,8,0.0035208553075790627,0.20352085530757902,0.7929582893848419
75,GPT4,Attr Prompting,8,0.029859790205955528,0.22985979020595548,0.740280419588089
76,GPT4,Attr Prompting,8,0.061499962210655235,0.2614999622106552,0.6770000755786896
77,GPT4,Attr Prompting,5,0.13899786174297335,0.7,0.16100213825702667
78,GPT4,Attr Prompting,7,0.1309127599000931,0.7,0.16908724009990692
79,GPT4,Attr Prompting,4,0.10503495633602145,0.4050349563360214,0.4899300873279572
80,GPT4,Attr Prompting,6,0.0,0.13211068511009216,0.8678893148899078
81,GPT4,Attr Prompting,8,0.0833845525979996,0.28338455259799955,0.6332308948040009
82,GPT4,Attr Prompting,9,0.0,0.019614413380622864,0.9803855866193771
83,GPT4,Attr Prompting,7,0.11606555581092837,0.4160655558109283,0.46786888837814333
84,GPT4,Attr Prompting,9,0.026980632543563865,0.22698063254356382,0.7460387349128723
85,GPT4,Attr Prompting,6,0.14170780181884768,0.7,0.15829219818115234
86,GPT4,Attr Prompting,8,0.020899014174938224,0.22089901417493818,0.7582019716501236
87,GPT4,Attr Prompting,5,0.06446562111377718,0.26446562111377714,0.6710687577724457
88,GPT4,Attr Prompting,5,0.09839383661746981,0.29839383661746977,0.6032123267650604
89,GPT4,Attr Prompting,6,0.12506085038185122,0.7,0.1749391496181488
90,GPT4,Attr Prompting,5,0.13585608601570132,0.7,0.1641439139842987
91,GPT4,Attr Prompting,4,0.9705376029014587,0.02946239709854126,0.0
92,GPT4,Attr Prompting,5,0.0,0.08821162581443787,0.9117883741855621
93,GPT4,Attr Prompting,6,0.05699586272239687,0.25699586272239683,0.6860082745552063
94,GPT4,Attr Prompting,6,0.0,0.16772031784057617,0.8322796821594238
95,GPT4,Attr Prompting,8,0.0,0.03870926797389984,0.9612907320261002
96,GPT4,Attr Prompting,8,0.0018329858779907449,0.2018329858779907,0.7963340282440186
97,GPT4,Attr Prompting,5,0.0012547314167022927,0.20125473141670225,0.7974905371665955
98,GPT4,Attr Prompting,8,0.10974199473857882,0.40974199473857875,0.48051601052284243
99,GPT4,Attr Prompting,3,0.8196354806423187,0.18036451935768127,0.0
100,GPT4,Attr Prompting,6,0.08523813784122469,0.28523813784122465,0.6295237243175507
101,GPT4,Attr Prompting,6,0.1366137504577637,0.7,0.16338624954223632
102,GPT4,Attr Prompting,6,0.0,0.04362359642982483,0.9563764035701752
103,GPT4,Attr Prompting,5,0.040172362327575706,0.24017236232757566,0.7196552753448486
104,GPT4,Attr Prompting,5,0.0,0.1506253182888031,0.8493746817111969
105,GPT4,Attr Prompting,9,0.0,0.012333571910858154,0.9876664280891418
106,GPT4,Attr Prompting,6,0.046766752004623435,0.2467667520046234,0.7064664959907532
107,GPT4,Attr Prompting,3,0.05319548547267916,0.2531954854726791,0.6936090290546417
108,GPT4,Attr Prompting,4,0.0,0.11953914165496826,0.8804608583450317
109,GPT4,Attr Prompting,5,0.1350127995014191,0.7,0.16498720049858093
110,GPT4,Attr Prompting,5,0.07422918975353243,0.2742291897535324,0.6515416204929352
111,GPT4,Attr Prompting,5,0.04513087272644045,0.2451308727264404,0.7097382545471191
112,GPT4,Attr Prompting,7,0.0,0.10604125261306763,0.8939587473869324
113,GPT4,Attr Prompting,4,0.12876811027526858,0.7,0.17123188972473144
114,GPT4,Attr Prompting,9,0.11985319256782534,0.4198531925678253,0.4602936148643494
115,GPT4,Attr Prompting,5,0.0,0.04518541693687439,0.9548145830631256
116,GPT4,Attr Prompting,4,0.0,0.13653984665870667,0.8634601533412933
117,GPT4,Attr Prompting,7,0.09504509866237643,0.2950450986623764,0.6099098026752472
118,GPT4,Attr Prompting,4,0.14604517221450808,0.7,0.15395482778549194
119,GPT4,Attr Prompting,4,0.05582317113876345,0.2558231711387634,0.6883536577224731
120,GPT4,Attr Prompting,8,0.0,0.08612996339797974,0.9138700366020203
121,GPT4,Attr Prompting,7,0.0,0.18633699417114258,0.8136630058288574
122,GPT4,Attr Prompting,6,0.10752996206283572,0.40752996206283565,0.48494007587432864
123,GPT4,Attr Prompting,6,0.11532379090785982,0.41532379090785976,0.4693524181842804
124,GPT4,Attr Prompting,7,0.13841488361358645,0.7,0.16158511638641357
125,GPT4,Attr Prompting,5,0.1300350517034531,0.7,0.16996494829654693
126,GPT4,Attr Prompting,8,0.07638546228408816,0.2763854622840881,0.6472290754318237
127,GPT4,Attr Prompting,6,0.0,0.08798474073410034,0.9120152592658997
128,GPT4,Attr Prompting,6,0.0,0.12031635642051697,0.879683643579483
129,GPT4,Attr Prompting,4,0.0,0.04815220832824707,0.9518477916717529
130,GPT4,Attr Prompting,8,0.0,0.11184212565422058,0.8881578743457794
131,GPT4,Attr Prompting,5,0.13026539385318758,0.7,0.16973460614681243
132,GPT4,Attr Prompting,6,0.02064013630151751,0.22064013630151746,0.758719727396965
133,GPT4,Attr Prompting,3,0.145481014251709,0.7,0.154518985748291
134,GPT4,Attr Prompting,4,0.05835131704807284,0.2583513170480728,0.6832973659038544
135,GPT4,Attr Prompting,7,0.0,0.006924062967300415,0.9930759370326996
136,GPT4,Attr Prompting,6,0.0,0.1330900639295578,0.8669099360704422
137,GPT4,Attr Prompting,4,0.08913194537162783,0.2891319453716278,0.6217361092567444
138,GPT4,Attr Prompting,8,0.012705186009407066,0.21270518600940702,0.7745896279811859
139,GPT4,Attr Prompting,6,0.0,0.07175964117050171,0.9282403588294983
140,GPT4,Attr Prompting,4,0.11909648180007937,0.4190964818000793,0.46180703639984133
141,GPT4,Attr Prompting,5,0.13889255523681643,0.7,0.1611074447631836
142,GPT4,Attr Prompting,4,0.11172121167182925,0.4117212116718292,0.4765575766563416
143,GPT4,Attr Prompting,7,0.07544020712375643,0.2754402071237564,0.6491195857524872
144,GPT4,Attr Prompting,5,0.0,0.12140092253684998,0.87859907746315
145,GPT4,Attr Prompting,3,0.0,0.18290427327156067,0.8170957267284393
146,GPT4,Attr Prompting,6,0.0,0.07273289561271667,0.9272671043872833
147,GPT4,Attr Prompting,6,0.03442915678024294,0.2344291567802429,0.7311416864395142
148,GPT4,Attr Prompting,4,0.14095118045806887,0.7,0.15904881954193115
149,GPT4,Attr Prompting,3,0.10976375043392184,0.40976375043392177,0.4804724991321564
150,GPT4,Attr Prompting,7,0.06620522737503054,0.2662052273750305,0.667589545249939
151,GPT4,Attr Prompting,8,0.061666475236415885,0.26166647523641584,0.6766670495271683
152,GPT4,Attr Prompting,8,0.027410948276519798,0.22741094827651975,0.7451781034469604
153,GPT4,Attr Prompting,3,0.09996388256549837,0.29996388256549833,0.6000722348690033
154,GPT4,Attr Prompting,7,0.07939645051956179,0.27939645051956175,0.6412070989608765
155,GPT4,Attr Prompting,3,0.0,0.17837077379226685,0.8216292262077332
156,GPT4,Attr Prompting,5,0.0,0.00658378005027771,0.9934162199497223
157,GPT4,Attr Prompting,8,0.13688957095146181,0.7,0.1631104290485382
158,GPT4,Attr Prompting,7,0.0979554891586304,0.29795548915863035,0.6040890216827393
159,GPT4,Attr Prompting,6,0.07904843389987948,0.27904843389987943,0.6419031322002411
160,GPT4,Attr Prompting,6,0.021137946844100974,0.22113794684410093,0.7577241063117981
161,GPT4,Attr Prompting,5,0.06630694270133974,0.2663069427013397,0.6673861145973206
162,GPT4,Attr Prompting,6,0.14894808232784273,0.7,0.15105191767215728
163,GPT4,Attr Prompting,6,0.0162693649530411,0.21626936495304105,0.7674612700939178
164,GPT4,Attr Prompting,7,0.10362311601638796,0.4036231160163879,0.49275376796722414
165,GPT4,Attr Prompting,10,0.03536164164543154,0.2353616416454315,0.729276716709137
166,GPT4,Attr Prompting,6,0.0,0.1272619664669037,0.8727380335330963
167,GPT4,Attr Prompting,6,0.042149150371551536,0.2421491503715515,0.715701699256897
168,GPT4,Attr Prompting,6,0.1321715205907822,0.7,0.16782847940921783
169,GPT4,Attr Prompting,6,0.0,0.13525892794132233,0.8647410720586777
170,GPT4,Attr Prompting,4,0.13344266414642336,0.7,0.16655733585357665
171,GPT4,Attr Prompting,5,0.08892328441143038,0.28892328441143034,0.6221534311771393
172,GPT4,Attr Prompting,8,0.0,0.11787968873977661,0.8821203112602234
173,GPT4,Attr Prompting,10,0.0,0.14678534865379333,0.8532146513462067
174,GPT4,Attr Prompting,6,0.11160984039306643,0.41160984039306636,0.4767803192138672
175,GPT4,Attr Prompting,4,0.10639671385288241,0.40639671385288234,0.48720657229423525
176,GPT4,Attr Prompting,5,0.0,0.10440587997436523,0.8955941200256348
177,GPT4,Attr Prompting,4,0.06200824081897738,0.26200824081897733,0.6759835183620453
178,GPT4,Attr Prompting,6,0.004267746210098289,0.20426774621009824,0.7914645075798035
179,GPT4,Attr Prompting,8,0.049571463465690635,0.2495714634656906,0.7008570730686188
180,GPT4,Attr Prompting,7,0.0,0.17680346965789795,0.823196530342102
181,GPT4,Attr Prompting,6,0.0645367741584778,0.26453677415847776,0.6709264516830444
182,GPT4,Attr Prompting,10,0.0,0.08871100842952728,0.9112889915704727
183,GPT4,Attr Prompting,3,0.0,0.1431981921195984,0.8568018078804016
184,GPT4,Attr Prompting,5,0.10077587664127352,0.40077587664127345,0.498448246717453
185,GPT4,Attr Prompting,3,0.0,0.05802711844444275,0.9419728815555573
186,GPT4,Attr Prompting,6,0.11115639805793764,0.4111563980579376,0.4776872038841248
187,GPT4,Attr Prompting,4,0.0,0.1522887945175171,0.8477112054824829
188,GPT4,Attr Prompting,5,0.14676646292209627,0.7,0.15323353707790374
189,GPT4,Attr Prompting,8,0.0,0.1328222155570984,0.8671777844429016
190,GPT4,Attr Prompting,4,0.05904340147972109,0.25904340147972105,0.6819131970405579
191,GPT4,Attr Prompting,4,0.0802763640880585,0.28027636408805845,0.6394472718238831
192,GPT4,Attr Prompting,6,0.14123288691043856,0.7,0.15876711308956146
193,GPT4,Attr Prompting,4,0.08993942439556124,0.2899394243955612,0.6201211512088776
194,GPT4,Attr Prompting,4,0.0,0.17986160516738892,0.8201383948326111
195,GPT4,Attr Prompting,9,0.009136223793029807,0.20913622379302976,0.7817275524139404
196,GPT4,Attr Prompting,5,0.12287227213382723,0.42287227213382717,0.4542554557323456
197,GPT4,Attr Prompting,5,0.0,0.056053340435028076,0.9439466595649719
198,GPT4,Attr Prompting,8,0.0254563629627228,0.22545636296272276,0.7490872740745544
199,GPT4,Attr Prompting,4,0.1281196564435959,0.7,0.1718803435564041
200,GPT4,Attr Prompting,4,0.0,0.02380231022834778,0.9761976897716522
201,GPT4,Attr Prompting,7,0.0,0.10808730125427246,0.8919126987457275
202,GPT4,Attr Prompting,5,0.12017425298690798,0.4201742529869079,0.4596514940261841
203,GPT4,Attr Prompting,8,0.14249669909477236,0.7,0.15750330090522766
204,GPT4,Attr Prompting,6,0.13755189776420595,0.7,0.16244810223579406
205,GPT4,Attr Prompting,8,0.0,0.06821700930595398,0.931782990694046
206,GPT4,Attr Prompting,7,0.0,0.10801643133163452,0.8919835686683655
207,GPT4,Attr Prompting,6,0.0,0.0950651466846466,0.9049348533153534
208,GPT4,Attr Prompting,9,0.0,0.06083431839942932,0.9391656816005707
209,GPT4,Attr Prompting,6,0.1304935306310654,0.7,0.16950646936893463
210,GPT4,Attr Prompting,7,0.017130503058433555,0.2171305030584335,0.7657389938831329
211,GPT4,Attr Prompting,4,0.1397010922431946,0.7,0.16029890775680541
212,GPT4,Attr Prompting,6,0.14118830263614657,0.7,0.15881169736385345
213,GPT4,Attr Prompting,8,0.112608739733696,0.41260873973369594,0.47478252053260805
214,GPT4,Attr Prompting,6,0.08590076267719271,0.28590076267719267,0.6281984746456146
215,GPT4,Attr Prompting,9,0.050088593363761924,0.2500885933637619,0.6998228132724762
216,GPT4,Attr Prompting,7,0.11002297103405001,0.41002297103404994,0.47995405793190005
217,GPT4,Attr Prompting,7,0.0723461449146271,0.27234614491462705,0.6553077101707458
218,GPT4,Attr Prompting,9,0.13567774891853335,0.7,0.16432225108146667
219,GPT4,Attr Prompting,9,0.0,0.03422728180885315,0.9657727181911469
220,GPT4,Attr Prompting,7,0.13409368097782137,0.7,0.16590631902217864
221,GPT4,Attr Prompting,6,0.0,0.031465888023376465,0.9685341119766235
222,GPT4,Attr Prompting,6,0.0,0.08635035157203674,0.9136496484279633
223,GPT4,Attr Prompting,6,0.09737300276756289,0.29737300276756284,0.6052539944648743
224,GPT4,Attr Prompting,6,0.004883395135402702,0.20488339513540266,0.7902332097291946
225,GPT4,Attr Prompting,6,0.0,0.1604357659816742,0.8395642340183258
226,GPT4,Attr Prompting,4,0.0,0.09115079045295715,0.9088492095470428
227,GPT4,Attr Prompting,8,0.0,0.03511565923690796,0.964884340763092
228,GPT4,Attr Prompting,8,0.0,0.050398677587509155,0.9496013224124908
229,GPT4,Attr Prompting,5,0.1289778143167496,0.7,0.17102218568325042
230,GPT4,Attr Prompting,6,0.01741067469120028,0.21741067469120023,0.7651786506175995
231,GPT4,Attr Prompting,6,0.14991032481193545,0.7,0.15008967518806457
232,GPT4,Attr Prompting,6,0.0033213436603546365,0.2033213436603546,0.7933573126792908
233,GPT4,Attr Prompting,5,0.0,0.11245512962341309,0.8875448703765869
234,GPT4,Attr Prompting,6,0.0,0.10034844279289246,0.8996515572071075
235,GPT4,Attr Prompting,6,0.0,0.1666993796825409,0.8333006203174591
236,GPT4,Attr Prompting,7,0.0,0.17101198434829712,0.8289880156517029
237,GPT4,Attr Prompting,8,0.0,0.05906325578689575,0.9409367442131042
238,GPT4,Attr Prompting,9,0.0,0.1959650069475174,0.8040349930524826
239,GPT4,Attr Prompting,5,0.05044745802879336,0.2504474580287933,0.6991050839424133
240,GPT4,Attr Prompting,6,0.08943873047828677,0.2894387304782867,0.6211225390434265
241,GPT4,Attr Prompting,3,0.11567955613136294,0.41567955613136287,0.4686408877372742
242,GPT4,Attr Prompting,8,0.13490588366985323,0.7,0.16509411633014678
243,GPT4,Attr Prompting,7,0.05237277746200564,0.2523727774620056,0.6952544450759888
244,GPT4,Attr Prompting,4,0.05311166644096377,0.2531116664409637,0.6937766671180725
245,GPT4,Attr Prompting,6,0.0,0.04916766285896301,0.950832337141037
246,GPT4,Attr Prompting,6,0.0064060628414154275,0.20640606284141538,0.7871878743171692
247,GPT4,Attr Prompting,7,0.0010809242725372536,0.2010809242725372,0.7978381514549255
248,GPT4,Attr Prompting,5,0.04265343546867373,0.24265343546867368,0.7146931290626526
249,GPT4,Attr Prompting,5,0.12328251600265505,0.423282516002655,0.45343496799468996
250,GPT4,Attr Prompting,6,0.0006707549095154031,0.20067075490951536,0.7986584901809692
251,GPT4,Attr Prompting,7,0.05276753902435305,0.252767539024353,0.694464921951294
252,GPT4,Attr Prompting,4,0.07642965912818911,0.27642965912818906,0.6471406817436218
253,GPT4,Attr Prompting,6,0.05319357812404635,0.2531935781240463,0.6936128437519073
254,GPT4,Attr Prompting,5,0.14303904175758364,0.7,0.15696095824241638
255,GPT4,Attr Prompting,7,0.0,0.10619738698005676,0.8938026130199432
256,GPT4,Attr Prompting,9,0.0,0.025366395711898804,0.9746336042881012
257,GPT4,Attr Prompting,4,0.0,0.003457993268966675,0.9965420067310333
258,GPT4,Attr Prompting,4,0.014088296890258811,0.21408829689025877,0.7718234062194824
259,GPT4,Attr Prompting,6,0.05267485380172732,0.2526748538017273,0.6946502923965454
260,GPT4,Attr Prompting,5,0.05118207037448885,0.2511820703744888,0.6976358592510223
261,GPT4,Attr Prompting,3,0.06606673598289492,0.2660667359828949,0.6678665280342102
262,GPT4,Attr Prompting,10,0.05460750460624697,0.2546075046062469,0.6907849907875061
263,GPT4,Attr Prompting,7,0.02401773035526278,0.22401773035526273,0.7519645392894745
264,GPT4,Attr Prompting,4,0.0,0.015967488288879395,0.9840325117111206
265,GPT4,Attr Prompting,5,0.0,0.10277858376502991,0.8972214162349701
266,GPT4,Attr Prompting,7,0.0,0.003202110528945923,0.9967978894710541
267,GPT4,Attr Prompting,8,0.0,0.12566238641738892,0.8743376135826111
268,GPT4,Attr Prompting,7,0.01862871050834658,0.21862871050834654,0.7627425789833069
269,GPT4,Attr Prompting,6,0.0,0.08342811465263367,0.9165718853473663
270,GPT4,Attr Prompting,7,0.06545216739177706,0.265452167391777,0.6690956652164459
271,GPT4,Attr Prompting,4,0.03085320591926577,0.23085320591926572,0.7382935881614685
272,GPT4,Attr Prompting,6,0.0,0.1505606472492218,0.8494393527507782
273,GPT4,Attr Prompting,5,0.08497754633426668,0.28497754633426664,0.6300449073314667
274,GPT4,Attr Prompting,3,0.05686602890491488,0.25686602890491483,0.6862679421901703
275,GPT4,Attr Prompting,7,0.0,0.17777955532073975,0.8222204446792603
276,GPT4,Attr Prompting,4,0.0,0.06729504466056824,0.9327049553394318
277,GPT4,Attr Prompting,6,0.12176522016525271,0.42176522016525264,0.45646955966949465
278,GPT4,Attr Prompting,6,0.04688129723072054,0.2468812972307205,0.706237405538559
279,GPT4,Attr Prompting,6,0.003330090641975425,0.20333009064197538,0.7933398187160492
280,GPT4,Attr Prompting,8,0.0,0.015066772699356079,0.9849332273006439
281,GPT4,Attr Prompting,3,0.11854601800441744,0.4185460180044174,0.4629079639911652
282,GPT4,Attr Prompting,6,0.0,0.019427329301834106,0.9805726706981659
283,GPT4,Attr Prompting,5,0.08111279606819155,0.2811127960681915,0.6377744078636169
284,GPT4,Attr Prompting,5,0.0,0.1375632882118225,0.8624367117881775
285,GPT4,Attr Prompting,6,0.022470408678054832,0.2224704086780548,0.7550591826438904
286,GPT4,Attr Prompting,3,0.0,0.08035165071487427,0.9196483492851257
287,GPT4,Attr Prompting,4,0.1104097902774811,0.41040979027748103,0.47918041944503786
288,GPT4,Attr Prompting,7,0.0038020849227905495,0.2038020849227905,0.792395830154419
289,GPT4,Attr Prompting,4,0.0,0.08863484859466553,0.9113651514053345
290,GPT4,Attr Prompting,5,0.0,0.04376572370529175,0.9562342762947083
291,GPT4,Attr Prompting,6,0.0,0.12686331570148468,0.8731366842985153
292,GPT4,Attr Prompting,5,0.0,0.17209270596504211,0.8279072940349579
293,GPT4,Attr Prompting,9,0.10688831806182864,0.40688831806182857,0.4862233638763428
294,GPT4,Attr Prompting,6,0.0,0.04382210969924927,0.9561778903007507
295,GPT4,Attr Prompting,3,0.0,0.08740410208702087,0.9125958979129791
296,GPT4,Attr Prompting,7,0.0,0.16093283891677856,0.8390671610832214
297,GPT4,Attr Prompting,6,0.021021196246147178,0.22102119624614713,0.7579576075077057
298,GPT4,Attr Prompting,5,0.051910275220870994,0.25191027522087095,0.6961794495582581
299,GPT4,Attr Prompting,5,0.008006134629249595,0.20800613462924955,0.7839877307415009
300,GPT4,Attr Prompting,5,0.0,0.003782212734222412,0.9962177872657776
301,GPT4,Attr Prompting,5,0.08520949780941012,0.2852094978094101,0.6295810043811798
302,GPT4,Attr Prompting,7,0.014992350339889549,0.2149923503398895,0.770015299320221
303,GPT4,Attr Prompting,4,0.0,0.10447904467582703,0.895520955324173
304,GPT4,Attr Prompting,3,0.006207802891731284,0.20620780289173124,0.7875843942165375
305,GPT4,Attr Prompting,4,0.0,0.045464783906936646,0.9545352160930634
306,GPT4,Attr Prompting,5,0.0,0.15822133421897888,0.8417786657810211
307,GPT4,Attr Prompting,5,0.0,0.17955946922302246,0.8204405307769775
308,GPT4,Attr Prompting,7,0.0,0.014835506677627563,0.9851644933223724
309,GPT4,Attr Prompting,7,0.026439884305000327,0.22643988430500028,0.7471202313899994
310,GPT4,Attr Prompting,5,0.0,0.1773432493209839,0.8226567506790161
311,GPT4,Attr Prompting,7,0.026928314566612266,0.22692831456661222,0.7461433708667755
312,GPT4,Attr Prompting,4,0.03447995483875277,0.23447995483875272,0.7310400903224945
313,GPT4,Attr Prompting,7,0.024137781560421012,0.22413778156042097,0.751724436879158
314,GPT4,Attr Prompting,7,0.00301308333873751,0.20301308333873747,0.793973833322525
315,GPT4,Attr Prompting,3,0.1325117886066437,0.7,0.16748821139335632
316,GPT4,Attr Prompting,7,0.020420545339584373,0.22042054533958433,0.7591589093208313
317,GPT4,Attr Prompting,5,0.10811717212200167,0.4081171721220016,0.4837656557559967
318,GPT4,Attr Prompting,5,0.0,0.07754218578338623,0.9224578142166138
319,GPT4,Attr Prompting,6,0.003120967745780967,0.20312096774578092,0.7937580645084381
320,GPT4,Attr Prompting,7,0.0,0.011504709720611572,0.9884952902793884
321,GPT4,Attr Prompting,10,0.07106570303440096,0.2710657030344009,0.6578685939311981
322,GPT4,Attr Prompting,6,0.0,0.12111127376556396,0.878888726234436
323,GPT4,Attr Prompting,8,0.0,0.12882477045059204,0.871175229549408
324,GPT4,Attr Prompting,6,0.0,0.14382827281951904,0.856171727180481
325,GPT4,Attr Prompting,6,0.0,0.04401156306266785,0.9559884369373322
326,GPT4,Attr Prompting,6,0.05737356245517733,0.2573735624551773,0.6852528750896454
327,GPT4,Attr Prompting,6,0.0017943620681762917,0.20179436206817625,0.7964112758636475
328,GPT4,Attr Prompting,5,0.09440644979476931,0.29440644979476926,0.6111871004104614
329,GPT4,Attr Prompting,3,0.0,0.15329986810684204,0.846700131893158
330,GPT4,Attr Prompting,6,0.0,0.11642029881477356,0.8835797011852264
331,GPT4,Attr Prompting,7,0.0,0.11054041981697083,0.8894595801830292
332,GPT4,Attr Prompting,3,0.016287946701049827,0.21628794670104978,0.7674241065979004
333,GPT4,Attr Prompting,9,0.07945295572280886,0.2794529557228088,0.6410940885543823
334,GPT4,Attr Prompting,6,0.0,0.1205407977104187,0.8794592022895813
335,GPT4,Attr Prompting,8,0.0,0.06516849994659424,0.9348315000534058
336,GPT4,Attr Prompting,7,0.0,0.08053085207939148,0.9194691479206085
337,GPT4,Attr Prompting,4,0.03174681365489962,0.23174681365489957,0.7365063726902008
338,GPT4,Attr Prompting,4,0.0,0.010942608118057251,0.9890573918819427
339,GPT4,Attr Prompting,7,0.13265725374221804,0.7,0.16734274625778198
340,GPT4,Attr Prompting,5,0.0,0.10495808720588684,0.8950419127941132
341,GPT4,Attr Prompting,8,0.0,0.09292390942573547,0.9070760905742645
342,GPT4,Attr Prompting,7,0.0,0.01879243552684784,0.9812075644731522
343,GPT4,Attr Prompting,4,0.0,0.19828125834465027,0.8017187416553497
344,GPT4,Attr Prompting,7,0.0,0.16739532351493835,0.8326046764850616
345,GPT4,Attr Prompting,3,0.04671242237091067,0.24671242237091062,0.7065751552581787
346,GPT4,Attr Prompting,5,0.02514956295490267,0.22514956295490263,0.7497008740901947
347,GPT4,Attr Prompting,7,0.10569203794002535,0.4056920379400253,0.48861592411994936
348,GPT4,Attr Prompting,7,0.0,0.03489375114440918,0.9651062488555908
349,GPT4,Attr Prompting,6,0.0,0.11078178882598877,0.8892182111740112
350,GPT4,Attr Prompting,6,0.0791498512029648,0.27914985120296476,0.6417002975940704
351,GPT4,Attr Prompting,5,0.0,0.034763649106025696,0.9652363508939743
352,GPT4,Attr Prompting,3,0.06410747170448305,0.264107471704483,0.6717850565910339
353,GPT4,Attr Prompting,3,0.0,0.1755104959011078,0.8244895040988922
354,GPT4,Attr Prompting,6,0.0,0.08908286690711975,0.9109171330928802
355,GPT4,Attr Prompting,5,0.0,0.12826067209243774,0.8717393279075623
356,GPT4,Attr Prompting,6,0.0,0.06947189569473267,0.9305281043052673
357,GPT4,Attr Prompting,8,0.10485471189022066,0.4048547118902206,0.49029057621955874
358,GPT4,Attr Prompting,3,0.0,0.029478460550308228,0.9705215394496918
359,GPT4,Attr Prompting,7,0.01469317972660067,0.21469317972660062,0.7706136405467987
360,GPT4,Attr Prompting,8,0.0,0.044791728258132935,0.9552082717418671
361,GPT4,Attr Prompting,7,0.08446704745292666,0.2844670474529266,0.6310659050941467
362,GPT4,Attr Prompting,7,0.1066195607185364,0.40661956071853633,0.48676087856292727
363,GPT4,Attr Prompting,7,0.0,0.10830715298652649,0.8916928470134735
364,GPT4,Attr Prompting,7,0.0,0.00576135516166687,0.9942386448383331
365,GPT4,Attr Prompting,4,0.058498898148536704,0.25849889814853666,0.6830022037029266
366,GPT4,Attr Prompting,5,0.08773455917835238,0.28773455917835233,0.6245308816432953
367,GPT4,Attr Prompting,3,0.0,0.07383087277412415,0.9261691272258759
368,GPT4,Attr Prompting,5,0.10190300047397616,0.4019030004739761,0.49619399905204775
369,GPT4,Attr Prompting,7,0.02191174924373629,0.22191174924373624,0.7561765015125275
370,GPT4,Attr Prompting,6,0.06159380972385409,0.26159380972385404,0.6768123805522919
371,GPT4,Attr Prompting,6,0.0,0.11410392820835114,0.8858960717916489
372,GPT4,Attr Prompting,5,0.013391935825347923,0.21339193582534788,0.7732161283493042
373,GPT4,Attr Prompting,4,0.06188037395477297,0.2618803739547729,0.6762392520904541
374,GPT4,Attr Prompting,4,0.12254365682601931,0.42254365682601924,0.45491268634796145
375,GPT4,Attr Prompting,7,0.0,0.18724268674850464,0.8127573132514954
376,GPT4,Attr Prompting,5,0.0,0.03993038833141327,0.9600696116685867
377,GPT4,Attr Prompting,7,0.07240116000175478,0.27240116000175474,0.6551976799964905
378,GPT4,Attr Prompting,7,0.0,0.13697317242622375,0.8630268275737762
379,GPT4,Attr Prompting,5,0.0,0.02734959125518799,0.972650408744812
380,GPT4,Attr Prompting,3,0.0,0.18086495995521545,0.8191350400447845
381,GPT4,Attr Prompting,6,0.0,0.1000182032585144,0.8999817967414856
382,GPT4,Attr Prompting,4,0.06308519244194033,0.2630851924419403,0.6738296151161194
383,GPT4,Attr Prompting,8,0.14762417376041415,0.7,0.15237582623958587
384,GPT4,Attr Prompting,3,0.12945463657379153,0.7,0.1705453634262085
385,GPT4,Attr Prompting,6,0.0,0.19508486986160278,0.8049151301383972
386,GPT4,Attr Prompting,8,0.0,0.09987592697143555,0.9001240730285645
387,GPT4,Attr Prompting,3,0.06109554469585421,0.26109554469585416,0.6778089106082916
388,GPT4,Attr Prompting,8,0.0,0.18033841252326965,0.8196615874767303
389,GPT4,Attr Prompting,4,0.0,0.01123279333114624,0.9887672066688538
390,GPT4,Attr Prompting,6,0.09363445043563845,0.2936344504356384,0.6127310991287231
391,GPT4,Attr Prompting,6,0.0027051359415054543,0.2027051359415054,0.7945897281169891
392,GPT4,Attr Prompting,6,0.0,0.07525014877319336,0.9247498512268066
393,GPT4,Attr Prompting,4,0.07172601819038393,0.2717260181903839,0.6565479636192322
394,GPT4,Attr Prompting,3,0.0,0.04542124271392822,0.9545787572860718
395,GPT4,Attr Prompting,4,0.14942570924758913,0.7,0.15057429075241088
396,GPT4,Attr Prompting,10,0.0,0.059663742780685425,0.9403362572193146
397,GPT4,Attr Prompting,9,0.10028631389141085,0.4002863138914108,0.49942737221717837
398,GPT4,Attr Prompting,7,0.09963367283344271,0.29963367283344267,0.6007326543331146
399,GPT4,Attr Prompting,4,0.14386391043663027,0.7,0.15613608956336975
400,GPT4,Attr Prompting,5,0.13015873134136202,0.7,0.169841268658638
401,GPT4,Attr Prompting,6,0.0,0.013875216245651245,0.9861247837543488
402,GPT4,Attr Prompting,3,0.0,0.193495512008667,0.806504487991333
403,GPT4,Attr Prompting,8,0.0,0.04388001561164856,0.9561199843883514
404,GPT4,Attr Prompting,8,0.0,0.17976516485214233,0.8202348351478577
405,GPT4,Attr Prompting,9,0.0,0.012808054685592651,0.9871919453144073
406,GPT4,Attr Prompting,4,0.10128402113914492,0.40128402113914485,0.4974319577217102
407,GPT4,Attr Prompting,3,0.019475558400154136,0.2194755584001541,0.7610488831996918
408,GPT4,Attr Prompting,6,0.828036424703896,0.17196357529610395,0.0
409,GPT4,Attr Prompting,6,0.0,0.10390648245811462,0.8960935175418854
410,GPT4,Attr Prompting,7,0.0,0.15517714619636536,0.8448228538036346
411,GPT4,Attr Prompting,5,0.0,0.10591739416122437,0.8940826058387756
412,GPT4,Attr Prompting,7,0.009480142593383811,0.20948014259338377,0.7810397148132324
413,GPT4,Attr Prompting,7,0.03775499165058138,0.23775499165058134,0.7244900166988373
414,GPT4,Attr Prompting,7,0.0,0.09619076550006866,0.9038092344999313
415,GPT4,Attr Prompting,7,0.05952081978321078,0.25952081978321073,0.6809583604335785
416,GPT4,Attr Prompting,7,0.1239276319742203,0.42392763197422023,0.45214473605155947
417,GPT4,Attr Prompting,4,0.05135772526264193,0.2513577252626419,0.6972845494747162
418,GPT4,Attr Prompting,4,0.07068468034267428,0.27068468034267423,0.6586306393146515
419,GPT4,Attr Prompting,7,0.13943288624286654,0.7,0.16056711375713348
420,GPT4,Attr Prompting,8,0.0,0.1833682358264923,0.8166317641735077
421,GPT4,Attr Prompting,5,0.0515990346670151,0.25159903466701505,0.6968019306659698
422,GPT4,Attr Prompting,5,0.052416139841079734,0.2524161398410797,0.6951677203178406
423,GPT4,Attr Prompting,7,0.022479051351547263,0.22247905135154722,0.7550418972969055
424,GPT4,Attr Prompting,6,0.0,0.07608306407928467,0.9239169359207153
425,GPT4,Attr Prompting,6,0.09894035160541537,0.2989403516054153,0.6021192967891693
426,GPT4,Attr Prompting,6,0.0,0.1827227920293808,0.8172772079706192
427,GPT4,Attr Prompting,7,0.0,0.04918968677520752,0.9508103132247925
428,GPT4,Attr Prompting,6,0.1261256128549576,0.7,0.17387438714504241
429,GPT4,Attr Prompting,6,0.13375418782234194,0.7,0.16624581217765808
430,GPT4,Attr Prompting,7,0.06570824384689333,0.2657082438468933,0.6685835123062134
431,GPT4,Attr Prompting,5,0.1375060170888901,0.7,0.16249398291110992
432,GPT4,Attr Prompting,4,0.0,0.10308027267456055,0.8969197273254395
433,GPT4,Attr Prompting,7,0.012259663641452812,0.21225966364145277,0.7754806727170944
434,GPT4,Attr Prompting,6,0.09003579020500185,0.2900357902050018,0.6199284195899963
435,GPT4,Attr Prompting,4,0.0,0.11674350500106812,0.8832564949989319
436,GPT4,Attr Prompting,9,0.033684448897838615,0.23368444889783857,0.7326311022043228
437,GPT4,Attr Prompting,8,0.0,0.012360692024230957,0.987639307975769
438,GPT4,Attr Prompting,4,0.0,0.12120020389556885,0.8787997961044312
439,GPT4,Attr Prompting,7,0.0178124397993088,0.21781243979930875,0.7643751204013824
440,GPT4,Attr Prompting,6,0.013602072000503562,0.21360207200050352,0.7727958559989929
441,GPT4,Attr Prompting,8,0.0,0.03856681287288666,0.9614331871271133
442,GPT4,Attr Prompting,4,0.0,0.19335931539535522,0.8066406846046448
443,GPT4,Attr Prompting,3,0.1239920496940613,0.42399204969406123,0.45201590061187746
444,GPT4,Attr Prompting,3,0.0,0.018557757139205933,0.9814422428607941
445,GPT4,Attr Prompting,7,0.08235310912132265,0.2823531091213226,0.6352937817573547
446,GPT4,Attr Prompting,6,0.0,0.11338269710540771,0.8866173028945923
447,GPT4,Attr Prompting,4,0.0,0.008817940950393677,0.9911820590496063
448,GPT4,Attr Prompting,6,0.0,0.14251035451889038,0.8574896454811096
449,GPT4,Attr Prompting,7,0.0,0.06116926670074463,0.9388307332992554
450,GPT4,Attr Prompting,7,0.009079957008361839,0.2090799570083618,0.7818400859832764
451,GPT4,Attr Prompting,7,0.09974386692047121,0.29974386692047117,0.6005122661590576
452,GPT4,Attr Prompting,4,0.09475866854190829,0.29475866854190824,0.6104826629161835
453,GPT4,Attr Prompting,6,0.020512038469314597,0.22051203846931455,0.7589759230613708
454,GPT4,Attr Prompting,4,0.12725108265876772,0.7,0.1727489173412323
455,GPT4,Attr Prompting,3,0.08669670820236208,0.28669670820236204,0.6266065835952759
456,GPT4,Attr Prompting,7,0.014908024668693565,0.21490802466869352,0.7701839506626129
457,GPT4,Attr Prompting,6,0.0,0.15015065670013428,0.8498493432998657
458,GPT4,Attr Prompting,7,0.0,0.13749797642230988,0.8625020235776901
459,GPT4,Attr Prompting,6,0.0,0.09806865453720093,0.9019313454627991
460,GPT4,Attr Prompting,4,0.0,0.037374675273895264,0.9626253247261047
461,GPT4,Attr Prompting,4,0.032582813501358054,0.232582813501358,0.7348343729972839
462,GPT4,Attr Prompting,7,0.0029136776924133523,0.2029136776924133,0.7941726446151733
463,GPT4,Attr Prompting,9,0.0,0.08151188492774963,0.9184881150722504
464,GPT4,Attr Prompting,5,0.034709015488624595,0.23470901548862455,0.7305819690227509
465,GPT4,Attr Prompting,7,0.0,0.09666138887405396,0.903338611125946
466,GPT4,Attr Prompting,7,0.0,0.07488343119621277,0.9251165688037872
467,GPT4,Attr Prompting,3,0.0,0.1767502725124359,0.8232497274875641
468,GPT4,Attr Prompting,4,0.023548150062561057,0.223548150062561,0.7529036998748779
469,GPT4,Attr Prompting,6,0.012297520041465781,0.21229752004146574,0.7754049599170685
470,GPT4,Attr Prompting,6,0.0,0.011700212955474854,0.9882997870445251
471,GPT4,Attr Prompting,7,0.0,0.09914407134056091,0.9008559286594391
472,GPT4,Attr Prompting,6,0.10411701500415804,0.404117015004158,0.491765969991684
473,GPT4,Attr Prompting,7,0.0,0.11406809091567993,0.8859319090843201
474,GPT4,Attr Prompting,8,0.08713177740573885,0.2871317774057388,0.6257364451885223
475,GPT4,Attr Prompting,7,0.14565361440181734,0.7,0.15434638559818267
476,GPT4,Attr Prompting,5,0.0578108072280884,0.25781080722808836,0.6843783855438232
477,GPT4,Attr Prompting,5,0.0,0.1488453447818756,0.8511546552181244
478,GPT4,Attr Prompting,6,0.036025339365005515,0.23602533936500547,0.727949321269989
479,GPT4,Attr Prompting,8,0.0,0.1164766252040863,0.8835233747959137
480,GPT4,Attr Prompting,4,0.1395129352807999,0.7,0.16048706471920013
481,GPT4,Attr Prompting,9,0.12821384668350222,0.7,0.1717861533164978
482,GPT4,Attr Prompting,6,0.1436664551496506,0.7,0.15633354485034942
483,GPT4,Attr Prompting,6,0.0,0.059890031814575195,0.9401099681854248
484,GPT4,Attr Prompting,9,0.0,0.19702687859535217,0.8029731214046478
485,GPT4,Attr Prompting,7,0.11900537610054018,0.4190053761005401,0.4619892477989197
486,GPT4,Attr Prompting,5,0.0,0.08875656127929688,0.9112434387207031
487,GPT4,Attr Prompting,8,0.0,0.19922462105751038,0.8007753789424896
488,GPT4,Attr Prompting,7,0.0,0.0879027247428894,0.9120972752571106
489,GPT4,Attr Prompting,6,0.041056522727012656,0.2410565227270126,0.7178869545459747
490,GPT4,Attr Prompting,7,0.08908929824829104,0.289089298248291,0.621821403503418
491,GPT4,Attr Prompting,6,0.1493245750665665,0.7,0.15067542493343353
492,GPT4,Attr Prompting,5,0.0,0.01940402388572693,0.9805959761142731
493,GPT4,Attr Prompting,6,0.11170496940612795,0.4117049694061279,0.47659006118774416
494,GPT4,Attr Prompting,7,0.08679504096508028,0.28679504096508024,0.6264099180698395
495,GPT4,Attr Prompting,6,0.09961568713188174,0.2996156871318817,0.6007686257362366
496,GPT4,Attr Prompting,4,0.10329885184764864,0.4032988518476486,0.4934022963047028
497,GPT4,Attr Prompting,7,0.0986028701066971,0.29860287010669706,0.6027942597866058
498,GPT4,Attr Prompting,9,0.0,0.06296417117118835,0.9370358288288116
499,GPT4,Attr Prompting,6,0.07909887433052065,0.2790988743305206,0.6418022513389587
500,GPT4,Attr Prompting,7,0.0,0.02228817343711853,0.9777118265628815
501,GPT4,Attr Prompting,6,0.11671326458454134,0.4167132645845413,0.4665734708309174
502,GPT4,Attr Prompting,7,0.07265456914901736,0.2726545691490173,0.6546908617019653
503,GPT4,Attr Prompting,7,0.0,0.10868163406848907,0.8913183659315109
504,GPT4,Attr Prompting,6,0.06653293371200564,0.2665329337120056,0.6669341325759888
505,GPT4,Attr Prompting,6,0.0,0.1636238992214203,0.8363761007785797
506,GPT4,Attr Prompting,4,0.0,0.13417094945907593,0.8658290505409241
507,GPT4,Attr Prompting,6,0.07529837787151339,0.27529837787151334,0.6494032442569733
508,GPT4,Attr Prompting,6,0.09973416626453402,0.299734166264534,0.600531667470932
509,GPT4,Attr Prompting,4,0.0,0.019924074411392212,0.9800759255886078
510,GPT4,Attr Prompting,3,0.13238237202167513,0.7,0.16761762797832488
511,GPT4,Attr Prompting,6,0.09616526365280154,0.2961652636528015,0.607669472694397
512,GPT4,Attr Prompting,6,0.0,0.08559232950210571,0.9144076704978943
513,GPT4,Attr Prompting,6,0.0,0.00918927788734436,0.9908107221126556
514,GPT4,Attr Prompting,6,0.0,0.1972014605998993,0.8027985394001007
515,GPT4,Attr Prompting,6,0.11467289328575136,0.4146728932857513,0.47065421342849734
516,GPT4,Attr Prompting,7,0.0,0.07917711138725281,0.9208228886127472
517,GPT4,Attr Prompting,6,0.1452078461647034,0.7,0.15479215383529663
518,GPT4,Attr Prompting,5,0.052886182069778465,0.2528861820697784,0.6942276358604431
519,GPT4,Attr Prompting,7,0.029077672958374046,0.229077672958374,0.741844654083252
520,GPT4,Attr Prompting,5,0.0,0.16872572898864746,0.8312742710113525
521,GPT4,Attr Prompting,6,0.0,0.006687641143798828,0.9933123588562012
522,GPT4,Attr Prompting,7,0.0,0.09446242451667786,0.9055375754833221
523,GPT4,Attr Prompting,4,0.13243263363838198,0.7,0.16756736636161804
524,GPT4,Attr Prompting,4,0.0,0.11197641491889954,0.8880235850811005
