chain_id,model,method,num_emails,sentiment_neg,sentiment_neu,sentiment_pos
0,GPT4,Fewshot,5,0.05212450921535494,0.2521245092153549,0.6957509815692902
1,GPT4,Fewshot,6,0.0,0.05300912261009216,0.9469908773899078
2,GPT4,Fewshot,5,0.03619343936443331,0.23619343936443327,0.7276131212711334
3,GPT4,Fewshot,5,0.0,0.08950331807136536,0.9104966819286346
4,GPT4,Fewshot,5,0.05428665280342104,0.254286652803421,0.691426694393158
5,GPT4,Fewshot,6,0.0,0.12908270955085754,0.8709172904491425
6,GPT4,Fewshot,6,0.04522226154804232,0.24522226154804228,0.7095554769039154
7,GPT4,Fewshot,7,0.0,0.18468159437179565,0.8153184056282043
8,GPT4,Fewshot,6,0.028398388624191306,0.22839838862419126,0.7432032227516174
9,GPT4,Fewshot,6,0.0,0.026866376399993896,0.9731336236000061
10,GPT4,Fewshot,5,0.0,0.05000755190849304,0.949992448091507
11,GPT4,Fewshot,5,0.09694490730762484,0.2969449073076248,0.6061101853847504
12,GPT4,Fewshot,6,0.0,0.10830223560333252,0.8916977643966675
13,GPT4,Fewshot,6,0.0,0.026029497385025024,0.973970502614975
14,GPT4,Fewshot,6,0.0029511094093322976,0.20295110940933225,0.7940977811813354
15,GPT4,Fewshot,5,0.0,0.07680225372314453,0.9231977462768555
16,GPT4,Fewshot,6,0.0,0.11196288466453552,0.8880371153354645
17,GPT4,Fewshot,5,0.11755105257034304,0.417551052570343,0.464897894859314
18,GPT4,Fewshot,5,0.0,0.033297210931777954,0.966702789068222
19,GPT4,Fewshot,6,0.0,0.04618799686431885,0.9538120031356812
20,GPT4,Fewshot,5,0.0,0.17067492008209229,0.8293250799179077
21,GPT4,Fewshot,6,0.07240142822265627,0.27240142822265623,0.6551971435546875
22,GPT4,Fewshot,5,0.1221251428127289,0.42212514281272884,0.45574971437454226
23,GPT4,Fewshot,6,0.0,0.08914700150489807,0.9108529984951019
24,GPT4,Fewshot,6,0.0,0.12553080916404724,0.8744691908359528
25,GPT4,Fewshot,6,0.0,0.11368373036384583,0.8863162696361542
26,GPT4,Fewshot,6,0.058672094345092796,0.25867209434509275,0.6826558113098145
27,GPT4,Fewshot,5,0.0,0.022379696369171143,0.9776203036308289
28,GPT4,Fewshot,6,0.0,0.05545714497566223,0.9445428550243378
29,GPT4,Fewshot,7,0.0,0.04353347420692444,0.9564665257930756
30,GPT4,Fewshot,6,0.06559217870235445,0.2655921787023544,0.6688156425952911
31,GPT4,Fewshot,6,0.032345646619796775,0.23234564661979673,0.7353087067604065
32,GPT4,Fewshot,5,0.0,0.18030598759651184,0.8196940124034882
33,GPT4,Fewshot,6,0.0,0.12485891580581665,0.8751410841941833
34,GPT4,Fewshot,6,0.0,0.10808220505714417,0.8919177949428558
35,GPT4,Fewshot,5,0.0,0.07183703780174255,0.9281629621982574
36,GPT4,Fewshot,6,0.07259769141674044,0.2725976914167404,0.6548046171665192
37,GPT4,Fewshot,6,0.0,0.17362773418426514,0.8263722658157349
38,GPT4,Fewshot,6,0.0,0.016184508800506592,0.9838154911994934
39,GPT4,Fewshot,5,0.0,0.13661110401153564,0.8633888959884644
40,GPT4,Fewshot,5,0.0,0.19510796666145325,0.8048920333385468
41,GPT4,Fewshot,5,0.0,0.03548926115036011,0.9645107388496399
42,GPT4,Fewshot,6,0.0,0.04243430495262146,0.9575656950473785
43,GPT4,Fewshot,6,0.0,0.17961671948432922,0.8203832805156708
44,GPT4,Fewshot,6,0.0,0.11319947242736816,0.8868005275726318
45,GPT4,Fewshot,6,0.0,0.023517489433288574,0.9764825105667114
46,GPT4,Fewshot,5,0.0,0.031128734350204468,0.9688712656497955
47,GPT4,Fewshot,6,0.0,0.048994600772857666,0.9510053992271423
48,GPT4,Fewshot,6,0.0,0.1681256890296936,0.8318743109703064
49,GPT4,Fewshot,6,0.0,0.0685226321220398,0.9314773678779602
50,GPT4,Fewshot,5,0.0,0.07884135842323303,0.921158641576767
51,GPT4,Fewshot,6,0.05189251303672793,0.2518925130367279,0.6962149739265442
52,GPT4,Fewshot,5,0.0,0.036949872970581055,0.963050127029419
53,GPT4,Fewshot,5,0.0,0.1732025146484375,0.8267974853515625
54,GPT4,Fewshot,6,0.0,0.1605464518070221,0.8394535481929779
55,GPT4,Fewshot,5,0.0,0.12068912386894226,0.8793108761310577
56,GPT4,Fewshot,6,0.10921778678894045,0.4092177867889404,0.48156442642211916
57,GPT4,Fewshot,6,0.10939636230468752,0.40939636230468746,0.481207275390625
58,GPT4,Fewshot,6,0.11464121341705324,0.4146412134170532,0.4707175731658936
59,GPT4,Fewshot,6,0.0,0.19416847825050354,0.8058315217494965
60,GPT4,Fewshot,6,0.0,0.03231227397918701,0.967687726020813
61,GPT4,Fewshot,6,0.0,0.022208750247955322,0.9777912497520447
62,GPT4,Fewshot,5,0.0,0.15832963585853577,0.8416703641414642
63,GPT4,Fewshot,6,0.0,0.1350228488445282,0.8649771511554718
64,GPT4,Fewshot,7,0.0,0.15229806303977966,0.8477019369602203
65,GPT4,Fewshot,6,0.0,0.08165016770362854,0.9183498322963715
66,GPT4,Fewshot,5,0.0,0.19537487626075745,0.8046251237392426
67,GPT4,Fewshot,5,0.05556915104389193,0.2555691510438919,0.6888616979122162
68,GPT4,Fewshot,6,0.07104080319404604,0.271040803194046,0.657918393611908
69,GPT4,Fewshot,5,0.0,0.10726216435432434,0.8927378356456757
70,GPT4,Fewshot,6,0.0,0.18919825553894043,0.8108017444610596
71,GPT4,Fewshot,6,0.0,0.16025465726852417,0.8397453427314758
72,GPT4,Fewshot,6,0.003073716163635276,0.20307371616363523,0.7938525676727295
73,GPT4,Fewshot,6,0.0,0.18590408563613892,0.8140959143638611
74,GPT4,Fewshot,6,0.020154172182083152,0.2201541721820831,0.7596916556358337
75,GPT4,Fewshot,5,0.1497699856758118,0.7,0.15023001432418823
76,GPT4,Fewshot,5,0.0,0.056228429079055786,0.9437715709209442
77,GPT4,Fewshot,6,0.0844897121191025,0.28448971211910246,0.631020575761795
78,GPT4,Fewshot,6,0.05370009839534762,0.2537000983953476,0.6925998032093048
79,GPT4,Fewshot,6,0.0,0.1920621693134308,0.8079378306865692
80,GPT4,Fewshot,5,0.0,0.08533832430839539,0.9146616756916046
81,GPT4,Fewshot,5,0.019110926985740684,0.21911092698574064,0.7617781460285187
82,GPT4,Fewshot,7,0.1350074499845505,0.7,0.16499255001544952
83,GPT4,Fewshot,6,0.017095917463302635,0.2170959174633026,0.7658081650733948
84,GPT4,Fewshot,6,0.0,0.0975998044013977,0.9024001955986023
85,GPT4,Fewshot,7,0.0,0.10656872391700745,0.8934312760829926
86,GPT4,Fewshot,6,0.0,0.03035542368888855,0.9696445763111115
87,GPT4,Fewshot,6,0.0,0.029657185077667236,0.9703428149223328
88,GPT4,Fewshot,5,0.0,0.1082601547241211,0.8917398452758789
89,GPT4,Fewshot,6,0.0,0.0807880163192749,0.9192119836807251
90,GPT4,Fewshot,6,0.0,0.03604018688201904,0.963959813117981
91,GPT4,Fewshot,5,0.13955829441547396,0.7,0.16044170558452606
92,GPT4,Fewshot,5,0.0,0.11837074160575867,0.8816292583942413
93,GPT4,Fewshot,6,0.10540398359298708,0.405403983592987,0.4891920328140259
94,GPT4,Fewshot,6,0.0,0.16910189390182495,0.830898106098175
95,GPT4,Fewshot,5,0.01140839755535128,0.21140839755535124,0.7771832048892975
96,GPT4,Fewshot,6,0.03698312640190127,0.23698312640190122,0.7260337471961975
97,GPT4,Fewshot,6,0.0,0.12881407141685486,0.8711859285831451
98,GPT4,Fewshot,6,0.0,0.18053415417671204,0.819465845823288
99,GPT4,Fewshot,6,0.0,0.005677729845046997,0.994322270154953
100,GPT4,Fewshot,6,0.06392710804939272,0.2639271080493927,0.6721457839012146
101,GPT4,Fewshot,5,0.08388114869594576,0.2838811486959457,0.6322377026081085
102,GPT4,Fewshot,6,0.0,0.11937636137008667,0.8806236386299133
103,GPT4,Fewshot,6,0.0,0.1263224482536316,0.8736775517463684
104,GPT4,Fewshot,6,0.0,0.13907885551452637,0.8609211444854736
105,GPT4,Fewshot,6,0.0,0.19659873843193054,0.8034012615680695
106,GPT4,Fewshot,5,0.02502020597457888,0.22502020597457884,0.7499595880508423
107,GPT4,Fewshot,5,0.0,0.18986117839813232,0.8101388216018677
108,GPT4,Fewshot,5,0.0,0.033757418394088745,0.9662425816059113
109,GPT4,Fewshot,6,0.07477065324783327,0.27477065324783323,0.6504586935043335
110,GPT4,Fewshot,6,0.0,0.18559861183166504,0.814401388168335
111,GPT4,Fewshot,6,0.0,0.10243472456932068,0.8975652754306793
112,GPT4,Fewshot,6,0.02586846947669985,0.2258684694766998,0.7482630610466003
113,GPT4,Fewshot,6,0.0,0.06116718053817749,0.9388328194618225
114,GPT4,Fewshot,5,0.0,0.1879696547985077,0.8120303452014923
115,GPT4,Fewshot,6,0.0,0.043192118406295776,0.9568078815937042
116,GPT4,Fewshot,7,0.0,0.06969374418258667,0.9303062558174133
117,GPT4,Fewshot,5,0.08335986137390139,0.28335986137390134,0.6332802772521973
118,GPT4,Fewshot,5,0.0,0.10322034358978271,0.8967796564102173
119,GPT4,Fewshot,5,0.06499039530754092,0.26499039530754087,0.6700192093849182
120,GPT4,Fewshot,5,0.0,0.09239032864570618,0.9076096713542938
121,GPT4,Fewshot,6,0.0,0.012309551239013672,0.9876904487609863
122,GPT4,Fewshot,6,0.04467798173427584,0.2446779817342758,0.7106440365314484
123,GPT4,Fewshot,7,0.0,0.018174737691879272,0.9818252623081207
124,GPT4,Fewshot,6,0.0,0.07648205757141113,0.9235179424285889
125,GPT4,Fewshot,5,0.0,0.06030505895614624,0.9396949410438538
126,GPT4,Fewshot,6,0.019193002581596397,0.21919300258159635,0.7616139948368073
127,GPT4,Fewshot,5,0.04473901689052584,0.2447390168905258,0.7105219662189484
128,GPT4,Fewshot,6,0.1282475531101227,0.7,0.1717524468898773
129,GPT4,Fewshot,6,0.0,0.06832408905029297,0.931675910949707
130,GPT4,Fewshot,5,0.0,0.057874083518981934,0.9421259164810181
131,GPT4,Fewshot,6,0.0,0.17000484466552734,0.8299951553344727
132,GPT4,Fewshot,5,0.05451931953430178,0.25451931953430174,0.6909613609313965
133,GPT4,Fewshot,5,0.0,0.18494197726249695,0.815058022737503
134,GPT4,Fewshot,6,0.0,0.08358076214790344,0.9164192378520966
135,GPT4,Fewshot,6,0.0,0.014556407928466797,0.9854435920715332
136,GPT4,Fewshot,5,0.0,0.16810595989227295,0.831894040107727
137,GPT4,Fewshot,5,0.1419940382242203,0.7,0.15800596177577972
138,GPT4,Fewshot,6,0.0,0.06067958474159241,0.9393204152584076
139,GPT4,Fewshot,6,0.0,0.054197609424591064,0.9458023905754089
140,GPT4,Fewshot,6,0.04246250689029696,0.2424625068902969,0.7150749862194061
141,GPT4,Fewshot,5,0.0,0.1490461230278015,0.8509538769721985
142,GPT4,Fewshot,5,0.0,0.06911763548851013,0.9308823645114899
143,GPT4,Fewshot,6,0.0,0.04613873362541199,0.953861266374588
144,GPT4,Fewshot,5,0.0011542975902557595,0.20115429759025572,0.7976914048194885
145,GPT4,Fewshot,5,0.0,0.04558920860290527,0.9544107913970947
146,GPT4,Fewshot,5,0.0,0.026246756315231323,0.9737532436847687
147,GPT4,Fewshot,6,0.0,0.09861162304878235,0.9013883769512177
148,GPT4,Fewshot,5,0.0,0.06289929151535034,0.9371007084846497
149,GPT4,Fewshot,5,0.020000734925270103,0.22000073492527006,0.7599985301494598
150,GPT4,Fewshot,6,0.0,0.10348504781723022,0.8965149521827698
151,GPT4,Fewshot,6,0.0,0.12098327279090881,0.8790167272090912
152,GPT4,Fewshot,6,0.0,0.05868580937385559,0.9413141906261444
153,GPT4,Fewshot,6,0.0,0.15074488520622253,0.8492551147937775
154,GPT4,Fewshot,5,0.0,0.006304413080215454,0.9936955869197845
155,GPT4,Fewshot,6,0.051369869709014915,0.25136986970901487,0.6972602605819702
156,GPT4,Fewshot,6,0.021237277984619163,0.22123727798461912,0.7575254440307617
157,GPT4,Fewshot,5,0.0,0.08609449863433838,0.9139055013656616
158,GPT4,Fewshot,5,0.0,0.13313832879066467,0.8668616712093353
159,GPT4,Fewshot,6,0.0,0.029627859592437744,0.9703721404075623
160,GPT4,Fewshot,6,0.09393803179264071,0.29393803179264066,0.6121239364147186
161,GPT4,Fewshot,5,0.0,0.014642089605331421,0.9853579103946686
162,GPT4,Fewshot,5,0.0,0.04945385456085205,0.950546145439148
163,GPT4,Fewshot,6,0.03050399720668795,0.2305039972066879,0.7389920055866241
164,GPT4,Fewshot,6,0.029450842738151572,0.22945084273815153,0.7410983145236969
165,GPT4,Fewshot,6,0.0,0.15003430843353271,0.8499656915664673
166,GPT4,Fewshot,5,0.09197295606136324,0.2919729560613632,0.6160540878772736
167,GPT4,Fewshot,6,0.015135639905929588,0.21513563990592954,0.7697287201881409
168,GPT4,Fewshot,5,0.0,0.08172452449798584,0.9182754755020142
169,GPT4,Fewshot,6,0.0,0.05554169416427612,0.9444583058357239
170,GPT4,Fewshot,5,0.0,0.012594163417816162,0.9874058365821838
171,GPT4,Fewshot,5,0.02295655906200411,0.22295655906200407,0.7540868818759918
172,GPT4,Fewshot,7,0.015152463316917442,0.2151524633169174,0.7696950733661652
173,GPT4,Fewshot,5,0.0,0.05101457238197327,0.9489854276180267
174,GPT4,Fewshot,6,0.0,0.06227436661720276,0.9377256333827972
175,GPT4,Fewshot,5,0.0,0.05462947487831116,0.9453705251216888
176,GPT4,Fewshot,6,0.12211906313896181,0.42211906313896175,0.45576187372207644
177,GPT4,Fewshot,6,0.0,0.12200352549552917,0.8779964745044708
178,GPT4,Fewshot,5,0.025714898109436057,0.225714898109436,0.7485702037811279
179,GPT4,Fewshot,5,0.0,0.12635549902915955,0.8736445009708405
180,GPT4,Fewshot,6,0.0008585393428802712,0.20085853934288023,0.7982829213142395
181,GPT4,Fewshot,6,0.0,0.05227768421173096,0.947722315788269
182,GPT4,Fewshot,6,0.0,0.0169619619846344,0.9830380380153656
183,GPT4,Fewshot,6,0.0,0.02166387438774109,0.9783361256122589
184,GPT4,Fewshot,6,0.1465762495994568,0.7,0.1534237504005432
185,GPT4,Fewshot,6,0.04937022328376772,0.24937022328376768,0.7012595534324646
186,GPT4,Fewshot,7,0.027901300787925742,0.2279013007879257,0.7441973984241486
187,GPT4,Fewshot,6,0.0,0.1599692404270172,0.8400307595729828
188,GPT4,Fewshot,6,0.0361581087112427,0.23615810871124265,0.7276837825775146
189,GPT4,Fewshot,6,0.0,0.14342200756072998,0.85657799243927
190,GPT4,Fewshot,6,0.0,0.1605248749256134,0.8394751250743866
191,GPT4,Fewshot,5,0.0,0.026719659566879272,0.9732803404331207
192,GPT4,Fewshot,6,0.0,0.17472535371780396,0.825274646282196
193,GPT4,Fewshot,6,0.0,0.06561940908432007,0.9343805909156799
194,GPT4,Fewshot,6,0.0,0.12919273972511292,0.8708072602748871
195,GPT4,Fewshot,6,0.0,0.018919259309768677,0.9810807406902313
196,GPT4,Fewshot,7,0.08140421807765963,0.2814042180776596,0.6371915638446808
197,GPT4,Fewshot,5,0.058048570156097434,0.2580485701560974,0.6839028596878052
198,GPT4,Fewshot,5,0.0,0.06880927085876465,0.9311907291412354
199,GPT4,Fewshot,6,0.0,0.14523449540138245,0.8547655045986176
200,GPT4,Fewshot,7,0.02620668113231661,0.22620668113231657,0.7475866377353668
201,GPT4,Fewshot,5,0.0,0.19763457775115967,0.8023654222488403
202,GPT4,Fewshot,6,0.0,0.15152326226234436,0.8484767377376556
203,GPT4,Fewshot,6,0.0,0.027284175157546997,0.972715824842453
204,GPT4,Fewshot,5,0.08944473564624789,0.28944473564624784,0.6211105287075043
205,GPT4,Fewshot,6,0.0,0.04844769835472107,0.9515523016452789
206,GPT4,Fewshot,5,0.0,0.12566974759101868,0.8743302524089813
207,GPT4,Fewshot,6,0.0,0.06388506293296814,0.9361149370670319
208,GPT4,Fewshot,6,0.0,0.1305999457836151,0.8694000542163849
209,GPT4,Fewshot,5,0.04959710836410525,0.2495971083641052,0.7008057832717896
210,GPT4,Fewshot,6,0.08266417086124422,0.2826641708612442,0.6346716582775116
211,GPT4,Fewshot,6,0.03363829255104067,0.23363829255104063,0.7327234148979187
212,GPT4,Fewshot,5,0.0,0.0694790780544281,0.9305209219455719
213,GPT4,Fewshot,6,0.0,0.08300083875656128,0.9169991612434387
214,GPT4,Fewshot,6,0.0,0.07863155007362366,0.9213684499263763
215,GPT4,Fewshot,7,0.0,0.07841169834136963,0.9215883016586304
216,GPT4,Fewshot,6,0.0,0.07575121521949768,0.9242487847805023
217,GPT4,Fewshot,7,0.0,0.12637487053871155,0.8736251294612885
218,GPT4,Fewshot,6,0.0,0.04465165734291077,0.9553483426570892
219,GPT4,Fewshot,6,0.0,0.009793847799301147,0.9902061522006989
220,GPT4,Fewshot,6,0.11771787106990816,0.4177178710699081,0.46456425786018374
221,GPT4,Fewshot,5,0.0,0.19798055291175842,0.8020194470882416
222,GPT4,Fewshot,6,0.13556675016880038,0.7,0.16443324983119964
223,GPT4,Fewshot,6,0.0,0.027874767780303955,0.972125232219696
224,GPT4,Fewshot,5,0.1065132409334183,0.40651324093341823,0.4869735181331635
225,GPT4,Fewshot,5,0.0,0.03973841667175293,0.9602615833282471
226,GPT4,Fewshot,6,0.1340344935655594,0.7,0.1659655064344406
227,GPT4,Fewshot,5,0.021641308069229148,0.2216413080692291,0.7567173838615417
228,GPT4,Fewshot,6,0.08644171953201296,0.2864417195320129,0.6271165609359741
229,GPT4,Fewshot,6,0.0,0.16127830743789673,0.8387216925621033
230,GPT4,Fewshot,5,0.10918242633342745,0.4091824263334274,0.48163514733314516
231,GPT4,Fewshot,6,0.0,0.04480862617492676,0.9551913738250732
232,GPT4,Fewshot,5,0.06323637962341311,0.26323637962341306,0.6735272407531738
233,GPT4,Fewshot,6,0.0,0.14486122131347656,0.8551387786865234
234,GPT4,Fewshot,6,0.0,0.13900107145309448,0.8609989285469055
235,GPT4,Fewshot,5,0.0,0.046609729528427124,0.9533902704715729
236,GPT4,Fewshot,6,0.0,0.13467174768447876,0.8653282523155212
237,GPT4,Fewshot,5,0.0,0.12765291333198547,0.8723470866680145
238,GPT4,Fewshot,5,0.0,0.05492350459098816,0.9450764954090118
239,GPT4,Fewshot,6,0.0,0.06154429912567139,0.9384557008743286
240,GPT4,Fewshot,6,0.032499083876609824,0.23249908387660978,0.7350018322467804
241,GPT4,Fewshot,6,0.0,0.027189970016479492,0.9728100299835205
242,GPT4,Fewshot,5,0.05629468858242037,0.2562946885824203,0.6874106228351593
243,GPT4,Fewshot,6,0.0,0.025437593460083008,0.974562406539917
244,GPT4,Fewshot,6,0.0,0.0527627170085907,0.9472372829914093
245,GPT4,Fewshot,6,0.01787301301956179,0.21787301301956175,0.7642539739608765
246,GPT4,Fewshot,5,0.10729638636112215,0.4072963863611221,0.48540722727775576
247,GPT4,Fewshot,6,0.0,0.10625821352005005,0.89374178647995
248,GPT4,Fewshot,6,0.0,0.09624609351158142,0.9037539064884186
249,GPT4,Fewshot,5,0.0,0.10460087656974792,0.8953991234302521
250,GPT4,Fewshot,5,0.0,0.03266030550003052,0.9673396944999695
251,GPT4,Fewshot,6,0.010776647925376914,0.21077664792537687,0.7784467041492462
252,GPT4,Fewshot,5,0.0,0.1540462076663971,0.8459537923336029
253,GPT4,Fewshot,5,0.0,0.1289045214653015,0.8710954785346985
254,GPT4,Fewshot,6,0.0,0.11415314674377441,0.8858468532562256
255,GPT4,Fewshot,6,0.0,0.03832441568374634,0.9616755843162537
256,GPT4,Fewshot,7,0.0,0.16291400790214539,0.8370859920978546
257,GPT4,Fewshot,5,0.0,0.14053356647491455,0.8594664335250854
258,GPT4,Fewshot,6,0.040340670943260215,0.24034067094326017,0.7193186581134796
259,GPT4,Fewshot,5,0.0,0.10962271690368652,0.8903772830963135
260,GPT4,Fewshot,6,0.0,0.16746559739112854,0.8325344026088715
261,GPT4,Fewshot,6,0.027822652459144614,0.22782265245914457,0.7443546950817108
262,GPT4,Fewshot,5,0.0,0.17326226830482483,0.8267377316951752
263,GPT4,Fewshot,5,0.0,0.1384451687335968,0.8615548312664032
264,GPT4,Fewshot,5,0.07196120321750643,0.2719612032175064,0.6560775935649872
265,GPT4,Fewshot,5,0.0,0.07073897123336792,0.9292610287666321
266,GPT4,Fewshot,7,0.0,0.07760566473007202,0.922394335269928
267,GPT4,Fewshot,6,0.09610764086246493,0.2961076408624649,0.6077847182750702
268,GPT4,Fewshot,6,0.08725049495697024,0.2872504949569702,0.6254990100860596
269,GPT4,Fewshot,6,0.0,0.0075089335441589355,0.9924910664558411
270,GPT4,Fewshot,6,0.0,0.05053257942199707,0.9494674205780029
271,GPT4,Fewshot,6,0.08912570178508761,0.28912570178508756,0.6217485964298248
272,GPT4,Fewshot,5,0.13847061395645144,0.7,0.16152938604354858
273,GPT4,Fewshot,6,0.0,0.042840927839279175,0.9571590721607208
274,GPT4,Fewshot,6,0.0,0.10046312212944031,0.8995368778705597
275,GPT4,Fewshot,6,0.0,0.04833853244781494,0.9516614675521851
276,GPT4,Fewshot,5,0.0,0.06404298543930054,0.9359570145606995
277,GPT4,Fewshot,6,0.0,0.192164808511734,0.807835191488266
278,GPT4,Fewshot,6,0.0894401013851166,0.28944010138511655,0.6211197972297668
279,GPT4,Fewshot,5,0.04362744987010958,0.24362744987010954,0.7127451002597809
280,GPT4,Fewshot,6,0.14381498992443087,0.7,0.15618501007556915
281,GPT4,Fewshot,6,0.03808420300483706,0.23808420300483701,0.7238315939903259
282,GPT4,Fewshot,6,0.0,0.043183863162994385,0.9568161368370056
283,GPT4,Fewshot,6,0.003536263108253501,0.20353626310825346,0.792927473783493
284,GPT4,Fewshot,6,0.0,0.1788424551486969,0.8211575448513031
285,GPT4,Fewshot,5,0.0,0.09579995274543762,0.9042000472545624
286,GPT4,Fewshot,6,0.018111744523048423,0.21811174452304838,0.7637765109539032
287,GPT4,Fewshot,6,0.0,0.16007214784622192,0.8399278521537781
288,GPT4,Fewshot,5,0.02671591341495516,0.22671591341495512,0.7465681731700897
289,GPT4,Fewshot,6,0.0,0.13934624195098877,0.8606537580490112
290,GPT4,Fewshot,7,0.0,0.05332258343696594,0.9466774165630341
291,GPT4,Fewshot,6,0.060092011094093345,0.2600920110940933,0.6798159778118134
292,GPT4,Fewshot,5,0.10748986303806307,0.407489863038063,0.4850202739238739
293,GPT4,Fewshot,5,0.0,0.06444814801216125,0.9355518519878387
294,GPT4,Fewshot,5,0.02161083519458773,0.22161083519458769,0.7567783296108246
295,GPT4,Fewshot,6,0.0,0.07239988446235657,0.9276001155376434
296,GPT4,Fewshot,5,0.09630429148674013,0.2963042914867401,0.6073914170265198
297,GPT4,Fewshot,5,0.009691649675369285,0.20969164967536924,0.7806167006492615
298,GPT4,Fewshot,6,0.0,0.12620577216148376,0.8737942278385162
299,GPT4,Fewshot,5,0.0,0.03215894103050232,0.9678410589694977
300,GPT4,Fewshot,5,0.06745842993259432,0.2674584299325943,0.6650831401348114
301,GPT4,Fewshot,6,0.0,0.10707247257232666,0.8929275274276733
302,GPT4,Fewshot,6,0.0,0.10830354690551758,0.8916964530944824
303,GPT4,Fewshot,6,0.0,0.13904163241386414,0.8609583675861359
304,GPT4,Fewshot,6,0.03633780181407931,0.23633780181407926,0.7273243963718414
305,GPT4,Fewshot,5,0.0,0.10548552870750427,0.8945144712924957
306,GPT4,Fewshot,5,0.0,0.04114970564842224,0.9588502943515778
307,GPT4,Fewshot,6,0.0,0.15949803590774536,0.8405019640922546
308,GPT4,Fewshot,5,0.13909793794155123,0.7,0.16090206205844879
309,GPT4,Fewshot,6,0.0,0.10465404391288757,0.8953459560871124
310,GPT4,Fewshot,5,0.04645598828792574,0.2464559882879257,0.7070880234241486
311,GPT4,Fewshot,5,0.0,0.1537286341190338,0.8462713658809662
312,GPT4,Fewshot,5,0.1472529709339142,0.7,0.1527470290660858
313,GPT4,Fewshot,6,0.0,0.05916568636894226,0.9408343136310577
314,GPT4,Fewshot,5,0.05797054767608645,0.2579705476760864,0.6840589046478271
315,GPT4,Fewshot,6,0.10999146997928622,0.40999146997928615,0.48001706004142763
316,GPT4,Fewshot,5,0.0,0.07174807786941528,0.9282519221305847
317,GPT4,Fewshot,6,0.008511924743652366,0.20851192474365232,0.7829761505126953
318,GPT4,Fewshot,6,0.0,0.19916793704032898,0.800832062959671
319,GPT4,Fewshot,7,0.0,0.12155091762542725,0.8784490823745728
320,GPT4,Fewshot,7,0.0,0.013052314519882202,0.9869476854801178
321,GPT4,Fewshot,6,0.0,0.09396475553512573,0.9060352444648743
322,GPT4,Fewshot,6,0.06644594073295595,0.2664459407329559,0.6671081185340881
323,GPT4,Fewshot,6,0.0,0.16530263423919678,0.8346973657608032
324,GPT4,Fewshot,6,0.0,0.08739608526229858,0.9126039147377014
325,GPT4,Fewshot,6,0.0,0.15227672457695007,0.8477232754230499
326,GPT4,Fewshot,6,0.0,0.06855937838554382,0.9314406216144562
327,GPT4,Fewshot,6,0.1487551271915436,0.7,0.15124487280845642
328,GPT4,Fewshot,5,0.0,0.1073426902294159,0.8926573097705841
329,GPT4,Fewshot,5,0.0,0.04496011137962341,0.9550398886203766
330,GPT4,Fewshot,6,0.0,0.031190872192382812,0.9688091278076172
331,GPT4,Fewshot,5,0.0,0.10040274262428284,0.8995972573757172
332,GPT4,Fewshot,5,0.0114257872104645,0.21142578721046446,0.777148425579071
333,GPT4,Fewshot,5,0.10232065021991732,0.40232065021991725,0.4953586995601654
334,GPT4,Fewshot,6,0.06465850174427035,0.2646585017442703,0.6706829965114594
335,GPT4,Fewshot,5,0.0,0.14460432529449463,0.8553956747055054
336,GPT4,Fewshot,6,0.10859505236148836,0.4085950523614883,0.48280989527702334
337,GPT4,Fewshot,6,0.0,0.14059680700302124,0.8594031929969788
338,GPT4,Fewshot,6,0.0,0.156387060880661,0.843612939119339
339,GPT4,Fewshot,6,0.14084323644638064,0.7,0.15915676355361938
340,GPT4,Fewshot,5,0.010517054796218894,0.21051705479621885,0.7789658904075623
341,GPT4,Fewshot,5,0.0,0.0418601930141449,0.9581398069858551
342,GPT4,Fewshot,6,0.0,0.022660374641418457,0.9773396253585815
343,GPT4,Fewshot,6,0.0,0.07321146130561829,0.9267885386943817
344,GPT4,Fewshot,6,0.0,0.15152060985565186,0.8484793901443481
345,GPT4,Fewshot,6,0.0,0.07556194067001343,0.9244380593299866
346,GPT4,Fewshot,5,0.0,0.1021302342414856,0.8978697657585144
347,GPT4,Fewshot,6,0.05012142062187197,0.2501214206218719,0.6997571587562561
348,GPT4,Fewshot,5,0.0,0.03947579860687256,0.9605242013931274
349,GPT4,Fewshot,7,0.0,0.15221044421195984,0.8477895557880402
350,GPT4,Fewshot,6,0.0,0.007467418909072876,0.9925325810909271
351,GPT4,Fewshot,6,0.0,0.11384716629981995,0.88615283370018
352,GPT4,Fewshot,6,0.0,0.12604647874832153,0.8739535212516785
353,GPT4,Fewshot,6,0.0,0.12873798608779907,0.8712620139122009
354,GPT4,Fewshot,5,0.0,0.09796479344367981,0.9020352065563202
355,GPT4,Fewshot,6,0.04084574580192568,0.24084574580192564,0.7183085083961487
356,GPT4,Fewshot,6,0.04387267827987673,0.2438726782798767,0.7122546434402466
357,GPT4,Fewshot,6,0.10346660912036898,0.4034666091203689,0.4930667817592621
358,GPT4,Fewshot,7,0.06266080737113955,0.2626608073711395,0.674678385257721
359,GPT4,Fewshot,6,0.0,0.11368396878242493,0.8863160312175751
360,GPT4,Fewshot,5,0.1439790964126587,0.7,0.1560209035873413
361,GPT4,Fewshot,5,0.0945680379867554,0.29456803798675535,0.6108639240264893
362,GPT4,Fewshot,6,0.07100861668586733,0.2710086166858673,0.6579827666282654
363,GPT4,Fewshot,5,0.0,0.1097143292427063,0.8902856707572937
364,GPT4,Fewshot,5,0.0,0.15836337208747864,0.8416366279125214
365,GPT4,Fewshot,6,0.0,0.10411491990089417,0.8958850800991058
366,GPT4,Fewshot,6,0.0,0.10787439346313477,0.8921256065368652
367,GPT4,Fewshot,6,0.12005581855773928,0.4200558185577392,0.4598883628845215
368,GPT4,Fewshot,5,0.05056248009204867,0.2505624800920486,0.6988750398159027
369,GPT4,Fewshot,5,0.0,0.1324864625930786,0.8675135374069214
370,GPT4,Fewshot,5,0.08855836987495425,0.2885583698749542,0.6228832602500916
371,GPT4,Fewshot,6,0.0,0.16622290015220642,0.8337770998477936
372,GPT4,Fewshot,5,0.006209442019462608,0.20620944201946256,0.7875811159610748
373,GPT4,Fewshot,6,0.0,0.12305200099945068,0.8769479990005493
374,GPT4,Fewshot,6,0.0,0.1276586353778839,0.8723413646221161
375,GPT4,Fewshot,6,0.0,0.09507784247398376,0.9049221575260162
376,GPT4,Fewshot,6,0.0,0.15192276239395142,0.8480772376060486
377,GPT4,Fewshot,6,0.0,0.10711297392845154,0.8928870260715485
378,GPT4,Fewshot,6,0.00801951587200167,0.20801951587200163,0.7839609682559967
379,GPT4,Fewshot,5,0.0,0.18860697746276855,0.8113930225372314
380,GPT4,Fewshot,6,0.0,0.01215311884880066,0.9878468811511993
381,GPT4,Fewshot,5,0.0,0.16853591799736023,0.8314640820026398
382,GPT4,Fewshot,6,0.0,0.09761348366737366,0.9023865163326263
383,GPT4,Fewshot,5,0.0,0.1810988187789917,0.8189011812210083
384,GPT4,Fewshot,6,0.004908406734466575,0.20490840673446653,0.7901831865310669
385,GPT4,Fewshot,7,0.09371509552001955,0.2937150955200195,0.6125698089599609
386,GPT4,Fewshot,5,0.025697657465934776,0.22569765746593473,0.7486046850681305
387,GPT4,Fewshot,5,0.0,0.09304213523864746,0.9069578647613525
388,GPT4,Fewshot,6,0.0,0.11502638459205627,0.8849736154079437
389,GPT4,Fewshot,5,0.1436017841100693,0.7,0.15639821588993072
390,GPT4,Fewshot,7,0.0,0.041038185358047485,0.9589618146419525
391,GPT4,Fewshot,6,0.0,0.014506250619888306,0.9854937493801117
392,GPT4,Fewshot,6,0.0,0.0934266746044159,0.9065733253955841
393,GPT4,Fewshot,5,0.0,0.12420061230659485,0.8757993876934052
394,GPT4,Fewshot,5,0.021367752552032493,0.22136775255203245,0.7572644948959351
395,GPT4,Fewshot,6,0.054259398579597495,0.25425939857959745,0.691481202840805
396,GPT4,Fewshot,6,0.07070393264293673,0.2707039326429367,0.6585921347141266
397,GPT4,Fewshot,7,0.004441061615943931,0.2044410616159439,0.7911178767681122
398,GPT4,Fewshot,5,0.0,0.15633821487426758,0.8436617851257324
399,GPT4,Fewshot,6,0.0,0.053802430629730225,0.9461975693702698
400,GPT4,Fewshot,5,0.11960809826850893,0.41960809826850887,0.4607838034629822
401,GPT4,Fewshot,6,0.14419897794723513,0.7,0.1558010220527649
402,GPT4,Fewshot,6,0.0,0.021786808967590332,0.9782131910324097
403,GPT4,Fewshot,6,0.0,0.07279154658317566,0.9272084534168243
404,GPT4,Fewshot,7,0.0,0.13800767064094543,0.8619923293590546
405,GPT4,Fewshot,6,0.0,0.03193885087966919,0.9680611491203308
406,GPT4,Fewshot,5,0.0,0.1887146532535553,0.8112853467464447
407,GPT4,Fewshot,5,0.0,0.04366925358772278,0.9563307464122772
408,GPT4,Fewshot,7,0.0,0.07148736715316772,0.9285126328468323
409,GPT4,Fewshot,5,0.007349127531051658,0.2073491275310516,0.7853017449378967
410,GPT4,Fewshot,6,0.016260007023811363,0.21626000702381132,0.7674799859523773
411,GPT4,Fewshot,7,0.0,0.05423364043235779,0.9457663595676422
412,GPT4,Fewshot,5,0.03629086315631869,0.23629086315631864,0.7274182736873627
413,GPT4,Fewshot,5,0.0,0.04200035333633423,0.9579996466636658
414,GPT4,Fewshot,7,0.0652326434850693,0.26523264348506925,0.6695347130298615
415,GPT4,Fewshot,6,0.11251226961612704,0.41251226961612697,0.474975460767746
416,GPT4,Fewshot,6,0.0,0.17694038152694702,0.823059618473053
417,GPT4,Fewshot,6,0.0,0.035635173320770264,0.9643648266792297
418,GPT4,Fewshot,6,0.0,0.12634772062301636,0.8736522793769836
419,GPT4,Fewshot,6,0.0,0.03265190124511719,0.9673480987548828
420,GPT4,Fewshot,6,0.0,0.08262598514556885,0.9173740148544312
421,GPT4,Fewshot,6,0.0,0.1268669068813324,0.8731330931186676
422,GPT4,Fewshot,6,0.0,0.04895550012588501,0.951044499874115
423,GPT4,Fewshot,6,0.0,0.1298617422580719,0.8701382577419281
424,GPT4,Fewshot,5,0.0,0.06423798203468323,0.9357620179653168
425,GPT4,Fewshot,5,0.0,0.03229817748069763,0.9677018225193024
426,GPT4,Fewshot,5,0.14086447060108187,0.7,0.15913552939891815
427,GPT4,Fewshot,6,0.0,0.08969590067863464,0.9103040993213654
428,GPT4,Fewshot,6,0.0,0.027116775512695312,0.9728832244873047
429,GPT4,Fewshot,6,0.0,0.19117483496665955,0.8088251650333405
430,GPT4,Fewshot,6,0.0,0.13016706705093384,0.8698329329490662
431,GPT4,Fewshot,5,0.0,0.08090418577194214,0.9190958142280579
432,GPT4,Fewshot,7,0.0,0.026523500680923462,0.9734764993190765
433,GPT4,Fewshot,5,0.0013275086879730447,0.201327508687973,0.797344982624054
434,GPT4,Fewshot,5,0.0154475659132004,0.21544756591320036,0.7691048681735992
435,GPT4,Fewshot,5,0.08354472517967226,0.2835447251796722,0.6329105496406555
436,GPT4,Fewshot,5,0.0,0.03596404194831848,0.9640359580516815
437,GPT4,Fewshot,5,0.0,0.11277511715888977,0.8872248828411102
438,GPT4,Fewshot,5,0.0,0.11407843232154846,0.8859215676784515
439,GPT4,Fewshot,7,0.09791081547737124,0.2979108154773712,0.6041783690452576
440,GPT4,Fewshot,6,0.06532851755619051,0.26532851755619047,0.669342964887619
441,GPT4,Fewshot,6,0.0,0.03628510236740112,0.9637148976325989
442,GPT4,Fewshot,5,0.020956420898437522,0.22095642089843748,0.758087158203125
443,GPT4,Fewshot,6,0.0,0.18243154883384705,0.817568451166153
444,GPT4,Fewshot,5,0.0,0.006972551345825195,0.9930274486541748
445,GPT4,Fewshot,5,0.11654084324836733,0.41654084324836727,0.4669183135032654
446,GPT4,Fewshot,6,0.0,0.04051986336708069,0.9594801366329193
447,GPT4,Fewshot,5,0.008546763658523582,0.20854676365852354,0.7829064726829529
448,GPT4,Fewshot,5,0.0,0.01688942313194275,0.9831105768680573
449,GPT4,Fewshot,5,0.0,0.12571492791175842,0.8742850720882416
450,GPT4,Fewshot,5,0.0,0.15486931800842285,0.8451306819915771
451,GPT4,Fewshot,6,0.0,0.038140565156936646,0.9618594348430634
452,GPT4,Fewshot,5,0.0,0.06992053985595703,0.930079460144043
453,GPT4,Fewshot,6,0.08098178505897524,0.2809817850589752,0.6380364298820496
454,GPT4,Fewshot,5,0.0,0.15088412165641785,0.8491158783435822
455,GPT4,Fewshot,6,0.0,0.1652846336364746,0.8347153663635254
456,GPT4,Fewshot,5,0.0,0.08240234851837158,0.9175976514816284
457,GPT4,Fewshot,5,0.0890559494495392,0.28905594944953916,0.6218881011009216
458,GPT4,Fewshot,6,0.012117215991020225,0.21211721599102018,0.7757655680179596
459,GPT4,Fewshot,6,0.0,0.1129484474658966,0.8870515525341034
460,GPT4,Fewshot,6,0.031998330354690574,0.23199833035469053,0.7360033392906189
461,GPT4,Fewshot,6,0.0,0.07094231247901917,0.9290576875209808
462,GPT4,Fewshot,6,0.0,0.017946362495422363,0.9820536375045776
463,GPT4,Fewshot,6,0.0,0.19973096251487732,0.8002690374851227
464,GPT4,Fewshot,6,0.0332661956548691,0.23326619565486906,0.7334676086902618
465,GPT4,Fewshot,5,0.0,0.033877402544021606,0.9661225974559784
466,GPT4,Fewshot,7,0.014458873867988609,0.21445887386798856,0.7710822522640228
467,GPT4,Fewshot,5,0.14301238358020785,0.7,0.15698761641979217
468,GPT4,Fewshot,6,0.0,0.09661561250686646,0.9033843874931335
469,GPT4,Fewshot,5,0.0,0.11992400884628296,0.880075991153717
470,GPT4,Fewshot,5,0.0,0.14322581887245178,0.8567741811275482
471,GPT4,Fewshot,6,0.0674497574567795,0.26744975745677946,0.665100485086441
472,GPT4,Fewshot,6,0.07893230915069582,0.2789323091506958,0.6421353816986084
473,GPT4,Fewshot,6,0.0,0.18068471550941467,0.8193152844905853
474,GPT4,Fewshot,5,0.10853152871131899,0.4085315287113189,0.4829369425773621
475,GPT4,Fewshot,5,0.018547588586807273,0.21854758858680723,0.7629048228263855
476,GPT4,Fewshot,6,0.0,0.11630934476852417,0.8836906552314758
477,GPT4,Fewshot,6,0.0,0.13927334547042847,0.8607266545295715
478,GPT4,Fewshot,7,0.0,0.017654240131378174,0.9823457598686218
479,GPT4,Fewshot,6,0.060347729921340965,0.2603477299213409,0.6793045401573181
480,GPT4,Fewshot,6,0.0,0.19503962993621826,0.8049603700637817
481,GPT4,Fewshot,6,0.04403131604194643,0.2440313160419464,0.7119373679161072
482,GPT4,Fewshot,5,0.0,0.07391569018363953,0.9260843098163605
483,GPT4,Fewshot,5,0.0,0.1943860948085785,0.8056139051914215
484,GPT4,Fewshot,5,0.0,0.16858500242233276,0.8314149975776672
485,GPT4,Fewshot,6,0.09121511280536654,0.2912151128053665,0.617569774389267
486,GPT4,Fewshot,5,0.022128456830978416,0.22212845683097837,0.7557430863380432
487,GPT4,Fewshot,6,0.02489248812198641,0.22489248812198637,0.7502150237560272
488,GPT4,Fewshot,5,0.09474096596241,0.29474096596240995,0.61051806807518
489,GPT4,Fewshot,5,0.07622967064380648,0.27622967064380644,0.6475406587123871
490,GPT4,Fewshot,6,0.02208114564418795,0.2220811456441879,0.7558377087116241
491,GPT4,Fewshot,5,0.06743865609169009,0.26743865609169004,0.6651226878166199
492,GPT4,Fewshot,5,0.13071961104869845,0.7,0.16928038895130157
493,GPT4,Fewshot,7,0.0,0.11124643683433533,0.8887535631656647
494,GPT4,Fewshot,5,0.11326491236686709,0.413264912366867,0.4734701752662659
495,GPT4,Fewshot,5,0.0,0.19277814030647278,0.8072218596935272
496,GPT4,Fewshot,5,0.0,0.13100376725196838,0.8689962327480316
497,GPT4,Fewshot,7,0.0,0.06690642237663269,0.9330935776233673
498,GPT4,Fewshot,5,0.10354436337947848,0.4035443633794784,0.4929112732410431
