chain_id,model,method,num_emails,sentiment_neg,sentiment_neu,sentiment_pos
0,Gemini,Bare Llama3B,7,0.17243302064016464,0.7,0.12756697935983538
1,Gemini,Bare Llama3B,5,0.15041498243808749,0.7,0.14958501756191253
2,Gemini,Bare Llama3B,5,0.0,0.040195852518081665,0.9598041474819183
3,Gemini,Bare Llama3B,7,0.7112869943957776,0.2443565028021112,0.0443565028021112
4,Gemini,Bare Llama3B,7,0.0,0.00857117772102356,0.9914288222789764
5,Gemini,Bare Llama3B,2,0.15063528120517733,0.7,0.1493647187948227
6,Gemini,Bare Llama3B,5,0.01825351417064669,0.21825351417064665,0.7634929716587067
7,Gemini,Bare Llama3B,3,0.0,0.021062076091766357,0.9789379239082336
8,Gemini,Bare Llama3B,5,0.06892783343791964,0.2689278334379196,0.6621443331241608
9,Gemini,Bare Llama3B,2,0.0,0.11991819739341736,0.8800818026065826
10,Gemini,Bare Llama3B,5,0.14758979678153994,0.7,0.15241020321846008
11,Gemini,Bare Llama3B,2,0.0,0.1444404423236847,0.8555595576763153
12,Gemini,Bare Llama3B,4,0.7236683815717697,0.23816580921411512,0.03816580921411514
13,Gemini,Bare Llama3B,5,0.0,0.07567209005355835,0.9243279099464417
14,Gemini,Bare Llama3B,7,0.13882727324962618,0.7,0.16117272675037383
15,Gemini,Bare Llama3B,4,0.11667377650737765,0.4166737765073776,0.4666524469852448
16,Gemini,Bare Llama3B,7,0.0548484265804291,0.25484842658042905,0.6903031468391418
17,Gemini,Bare Llama3B,3,0.005460539460182212,0.20546053946018217,0.7890789210796356
18,Gemini,Bare Llama3B,2,0.0,0.1418130099773407,0.8581869900226593
19,Gemini,Bare Llama3B,5,0.024829992651939414,0.22482999265193937,0.7503400146961212
20,Gemini,Bare Llama3B,5,0.0377120763063431,0.23771207630634306,0.7245758473873138
21,Gemini,Bare Llama3B,5,0.0,0.14087870717048645,0.8591212928295135
22,Gemini,Bare Llama3B,5,0.0,0.12435877323150635,0.8756412267684937
23,Gemini,Bare Llama3B,2,0.0,0.1645272672176361,0.8354727327823639
24,Gemini,Bare Llama3B,12,0.0,0.011611998081207275,0.9883880019187927
25,Gemini,Bare Llama3B,3,0.07607119679450991,0.27607119679450987,0.6478576064109802
26,Gemini,Bare Llama3B,2,0.14617645144462588,0.7,0.15382354855537414
27,Gemini,Bare Llama3B,3,0.016899967193603538,0.2168999671936035,0.766200065612793
28,Gemini,Bare Llama3B,3,0.0,0.022619187831878662,0.9773808121681213
29,Gemini,Bare Llama3B,7,0.02681340426206591,0.22681340426206587,0.7463731914758682
30,Gemini,Bare Llama3B,8,0.0,0.012972503900527954,0.987027496099472
31,Gemini,Bare Llama3B,4,0.037358814477920554,0.2373588144779205,0.7252823710441589
32,Gemini,Bare Llama3B,4,0.0,0.15163612365722656,0.8483638763427734
33,Gemini,Bare Llama3B,4,0.14571068584918978,0.7,0.15428931415081024
34,Gemini,Bare Llama3B,6,0.9880663473159075,0.011933652684092522,0.0
35,Gemini,Bare Llama3B,6,0.9765956252813339,0.023404374718666077,0.0
36,Gemini,Bare Llama3B,7,0.059151703119277976,0.25915170311927793,0.6816965937614441
37,Gemini,Bare Llama3B,3,0.9038183949887753,0.09618160501122475,0.0
38,Gemini,Bare Llama3B,3,0.07711763083934786,0.2771176308393478,0.6457647383213043
39,Gemini,Bare Llama3B,6,0.08155883252620699,0.28155883252620695,0.6368823349475861
40,Gemini,Bare Llama3B,3,0.9672742150723934,0.03272578492760658,0.0
41,Gemini,Bare Llama3B,5,0.0648475378751755,0.26484753787517545,0.670304924249649
42,Gemini,Bare Llama3B,6,0.04787220954895022,0.24787220954895017,0.7042555809020996
43,Gemini,Bare Llama3B,2,0.9988409391662572,0.001159060833742842,0.0
44,Gemini,Bare Llama3B,3,0.08788641691207888,0.28788641691207884,0.6242271661758423
45,Gemini,Bare Llama3B,8,0.0,0.07877099514007568,0.9212290048599243
46,Gemini,Bare Llama3B,3,0.08831397593021395,0.2883139759302139,0.6233720481395721
47,Gemini,Bare Llama3B,5,0.0261325925588608,0.22613259255886076,0.7477348148822784
48,Gemini,Bare Llama3B,3,0.011847564578056358,0.2118475645780563,0.7763048708438873
49,Gemini,Bare Llama3B,5,0.0,0.15075719356536865,0.8492428064346313
50,Gemini,Bare Llama3B,3,0.06382722556591036,0.2638272255659103,0.6723455488681793
51,Gemini,Bare Llama3B,8,0.011865669488906883,0.21186566948890684,0.7762686610221863
52,Gemini,Bare Llama3B,4,0.06532222926616671,0.26532222926616666,0.6693555414676666
53,Gemini,Bare Llama3B,9,0.024974757432937644,0.2249747574329376,0.7500504851341248
54,Gemini,Bare Llama3B,5,0.0,0.012902051210403442,0.9870979487895966
55,Gemini,Bare Llama3B,2,0.1458554655313492,0.7,0.1541445344686508
56,Gemini,Bare Llama3B,6,0.997086028335616,0.0029139716643840075,0.0
57,Gemini,Bare Llama3B,5,0.11423919498920443,0.41423919498920436,0.4715216100215912
58,Gemini,Bare Llama3B,5,0.9945602234220132,0.005439776577986777,0.0
59,Gemini,Bare Llama3B,3,0.1443010061979294,0.7,0.1556989938020706
60,Gemini,Bare Llama3B,4,0.05361700952053072,0.2536170095205307,0.6927659809589386
61,Gemini,Bare Llama3B,4,0.13401652276515963,0.7,0.1659834772348404
62,Gemini,Bare Llama3B,6,0.0,0.10015887022018433,0.8998411297798157
63,Gemini,Bare Llama3B,4,0.0,0.04184460639953613,0.9581553936004639
64,Gemini,Bare Llama3B,7,0.03594067096710207,0.23594067096710203,0.7281186580657959
65,Gemini,Bare Llama3B,4,0.6533258152194321,0.2733370923902839,0.07333709239028394
66,Gemini,Bare Llama3B,2,0.15080090761184695,0.7,0.14919909238815307
67,Gemini,Bare Llama3B,4,0.14146914482116701,0.7,0.158530855178833
68,Gemini,Bare Llama3B,5,0.15109393894672396,0.7,0.14890606105327606
69,Gemini,Bare Llama3B,4,0.14755363166332247,0.7,0.15244636833667755
70,Gemini,Bare Llama3B,4,0.14508595466613772,0.7,0.1549140453338623
71,Gemini,Bare Llama3B,5,0.0,0.1752946674823761,0.8247053325176239
72,Gemini,Bare Llama3B,9,0.15384201854467394,0.7,0.14615798145532607
73,Gemini,Bare Llama3B,4,0.0,0.17444396018981934,0.8255560398101807
74,Gemini,Bare Llama3B,6,0.0,0.06365251541137695,0.936347484588623
75,Gemini,Bare Llama3B,6,0.0,0.006486624479293823,0.9935133755207062
76,Gemini,Bare Llama3B,3,0.0,0.006607323884963989,0.993392676115036
77,Gemini,Bare Llama3B,3,0.9572217278182507,0.042778272181749344,0.0
78,Gemini,Bare Llama3B,7,0.06635273396968844,0.2663527339696884,0.6672945320606232
79,Gemini,Bare Llama3B,2,0.08449404835700991,0.28449404835700987,0.6310119032859802
80,Gemini,Bare Llama3B,4,0.14788492918014529,0.7,0.15211507081985473
81,Gemini,Bare Llama3B,2,0.039924153685569785,0.23992415368556974,0.7201516926288605
82,Gemini,Bare Llama3B,4,0.010710144042968772,0.21071014404296873,0.7785797119140625
83,Gemini,Bare Llama3B,4,0.10714046061038973,0.40714046061038967,0.4857190787792206
84,Gemini,Bare Llama3B,2,0.0021012216806411965,0.20210122168064115,0.7957975566387177
85,Gemini,Bare Llama3B,2,0.05475761890411379,0.25475761890411375,0.6904847621917725
86,Gemini,Bare Llama3B,5,0.0014815568923950417,0.201481556892395,0.79703688621521
87,Gemini,Bare Llama3B,7,0.05821942687034609,0.25821942687034605,0.6835611462593079
88,Gemini,Bare Llama3B,3,0.15213617086410525,0.7,0.14786382913589477
89,Gemini,Bare Llama3B,6,0.11684913337230685,0.4168491333723068,0.4663017332553864
90,Gemini,Bare Llama3B,6,0.0,0.04555425047874451,0.9544457495212555
91,Gemini,Bare Llama3B,6,0.0,0.028969645500183105,0.9710303544998169
92,Gemini,Bare Llama3B,2,0.15152030587196352,0.7,0.1484796941280365
93,Gemini,Bare Llama3B,2,0.11720911562442782,0.41720911562442775,0.46558176875114443
94,Gemini,Bare Llama3B,3,0.08979252874851229,0.28979252874851225,0.6204149425029755
95,Gemini,Bare Llama3B,4,0.1402201294898987,0.7,0.1597798705101013
96,Gemini,Bare Llama3B,3,0.0,0.18738514184951782,0.8126148581504822
97,Gemini,Bare Llama3B,3,0.009479576349258445,0.2094795763492584,0.7810408473014832
98,Gemini,Bare Llama3B,5,0.08415424227714541,0.28415424227714536,0.6316915154457092
99,Gemini,Bare Llama3B,7,0.0,0.05607178807258606,0.9439282119274139
100,Gemini,Bare Llama3B,3,0.04686739444732668,0.24686739444732664,0.7062652111053467
101,Gemini,Bare Llama3B,2,0.07766882479190829,0.27766882479190824,0.6446623504161835
102,Gemini,Bare Llama3B,2,0.13580537736415865,0.7,0.16419462263584136
103,Gemini,Bare Llama3B,5,0.13999047279357912,0.7,0.1600095272064209
104,Gemini,Bare Llama3B,4,0.0,0.002192765474319458,0.9978072345256805
105,Gemini,Bare Llama3B,2,0.05854261815547945,0.2585426181554794,0.6829147636890411
106,Gemini,Bare Llama3B,4,0.10032195746898653,0.40032195746898647,0.499356085062027
107,Gemini,Bare Llama3B,3,0.0,0.055837273597717285,0.9441627264022827
108,Gemini,Bare Llama3B,5,0.10504072308540346,0.4050407230854034,0.48991855382919314
109,Gemini,Bare Llama3B,5,0.007043743133544944,0.2070437431335449,0.7859125137329102
110,Gemini,Bare Llama3B,3,0.0,0.0026406943798065186,0.9973593056201935
111,Gemini,Bare Llama3B,6,0.0,0.041205763816833496,0.9587942361831665
112,Gemini,Bare Llama3B,2,0.0,0.002604961395263672,0.9973950386047363
113,Gemini,Bare Llama3B,6,0.9832945591770113,0.01670544082298875,0.0
114,Gemini,Bare Llama3B,5,0.1350607365369797,0.7,0.16493926346302032
115,Gemini,Bare Llama3B,2,0.9968978886026889,0.0031021113973110914,0.0
116,Gemini,Bare Llama3B,5,0.08133510649204256,0.2813351064920425,0.6373297870159149
117,Gemini,Bare Llama3B,2,0.0,0.19840094447135925,0.8015990555286407
118,Gemini,Bare Llama3B,4,0.15022687017917635,0.7,0.14977312982082366
119,Gemini,Bare Llama3B,4,0.0,0.19003164768218994,0.8099683523178101
120,Gemini,Bare Llama3B,12,0.13894649744033816,0.7,0.16105350255966186
121,Gemini,Bare Llama3B,2,0.0,0.11482894420623779,0.8851710557937622
122,Gemini,Bare Llama3B,3,0.04829817414283755,0.2482981741428375,0.703403651714325
123,Gemini,Bare Llama3B,7,0.04033457636833193,0.2403345763683319,0.7193308472633362
124,Gemini,Bare Llama3B,7,0.07057415843009951,0.27057415843009947,0.658851683139801
125,Gemini,Bare Llama3B,6,0.1360380291938782,0.7,0.16396197080612182
126,Gemini,Bare Llama3B,3,0.9980946924770251,0.0019053075229749084,0.0
127,Gemini,Bare Llama3B,2,0.08765394389629366,0.2876539438962936,0.6246921122074127
128,Gemini,Bare Llama3B,2,0.9914638912305236,0.008536108769476414,0.0
129,Gemini,Bare Llama3B,7,0.1512418180704117,0.7,0.1487581819295883
130,Gemini,Bare Llama3B,4,0.0,0.04141998291015625,0.9585800170898438
131,Gemini,Bare Llama3B,5,0.15130027532577517,0.7,0.14869972467422485
132,Gemini,Bare Llama3B,5,0.03872721791267397,0.23872721791267393,0.7225455641746521
133,Gemini,Bare Llama3B,5,0.15000986456871035,0.7,0.14999013543128967
134,Gemini,Bare Llama3B,3,0.0,0.1471240222454071,0.8528759777545929
135,Gemini,Bare Llama3B,3,0.11521760523319247,0.4152176052331924,0.46956478953361513
136,Gemini,Bare Llama3B,2,0.9944939374108799,0.00550606258912012,0.0
137,Gemini,Bare Llama3B,6,0.14478949606418612,0.7,0.1552105039358139
138,Gemini,Bare Llama3B,5,0.0,0.1549690067768097,0.8450309932231903
139,Gemini,Bare Llama3B,3,0.1320610731840134,0.7,0.16793892681598663
140,Gemini,Bare Llama3B,3,0.13335354030132296,0.7,0.16664645969867706
141,Gemini,Bare Llama3B,3,0.008200266957283042,0.208200266957283,0.783599466085434
142,Gemini,Bare Llama3B,4,0.0,0.0015674233436584473,0.9984325766563416
143,Gemini,Bare Llama3B,4,0.0,0.14076867699623108,0.8592313230037689
144,Gemini,Bare Llama3B,5,0.13085090517997744,0.7,0.16914909482002258
145,Gemini,Bare Llama3B,2,0.06814151406288149,0.26814151406288145,0.6637169718742371
146,Gemini,Bare Llama3B,4,0.12877889871597292,0.7,0.1712211012840271
147,Gemini,Bare Llama3B,5,0.037027114629745506,0.23702711462974546,0.725945770740509
148,Gemini,Bare Llama3B,6,0.13851400613784792,0.7,0.1614859938621521
149,Gemini,Bare Llama3B,6,0.0,0.17056608200073242,0.8294339179992676
150,Gemini,Bare Llama3B,4,0.0,0.1628270149230957,0.8371729850769043
151,Gemini,Bare Llama3B,10,0.0,0.13405698537826538,0.8659430146217346
152,Gemini,Bare Llama3B,4,0.1351166754961014,0.7,0.16488332450389862
153,Gemini,Bare Llama3B,3,0.1468589097261429,0.7,0.1531410902738571
154,Gemini,Bare Llama3B,2,0.12663021087646487,0.7,0.17336978912353515
155,Gemini,Bare Llama3B,5,0.0,0.15354686975479126,0.8464531302452087
156,Gemini,Bare Llama3B,3,0.0,0.04424947500228882,0.9557505249977112
157,Gemini,Bare Llama3B,6,0.9876270764507353,0.01237292354926467,0.0
158,Gemini,Bare Llama3B,7,0.03611230254173281,0.23611230254173277,0.7277753949165344
159,Gemini,Bare Llama3B,3,0.0,0.11123022437095642,0.8887697756290436
160,Gemini,Bare Llama3B,8,0.0,0.09036135673522949,0.9096386432647705
161,Gemini,Bare Llama3B,5,0.0,0.1443595588207245,0.8556404411792755
162,Gemini,Bare Llama3B,5,0.15014184415340426,0.7,0.14985815584659576
163,Gemini,Bare Llama3B,3,0.012797871232032798,0.21279787123203275,0.7744042575359344
164,Gemini,Bare Llama3B,4,0.12319854795932772,0.42319854795932765,0.4536029040813446
165,Gemini,Bare Llama3B,7,0.0,0.04893776774406433,0.9510622322559357
166,Gemini,Bare Llama3B,3,0.05692299604415896,0.2569229960441589,0.6861540079116821
167,Gemini,Bare Llama3B,8,0.9738855138421059,0.026114486157894135,0.0
168,Gemini,Bare Llama3B,5,0.0,0.028918296098709106,0.9710817039012909
169,Gemini,Bare Llama3B,2,0.1406692057847977,0.7,0.15933079421520233
170,Gemini,Bare Llama3B,6,0.0,0.0023929476737976074,0.9976070523262024
171,Gemini,Bare Llama3B,5,0.04228871464729311,0.24228871464729307,0.7154225707054138
172,Gemini,Bare Llama3B,3,0.0,0.03678455948829651,0.9632154405117035
173,Gemini,Bare Llama3B,4,0.0,0.06493046879768372,0.9350695312023163
174,Gemini,Bare Llama3B,3,0.13057374358177187,0.7,0.16942625641822814
175,Gemini,Bare Llama3B,3,0.14864751845598223,0.7,0.1513524815440178
176,Gemini,Bare Llama3B,16,0.017095090448856376,0.21709509044885633,0.7658098191022873
177,Gemini,Bare Llama3B,4,0.0,0.00841987133026123,0.9915801286697388
178,Gemini,Bare Llama3B,6,0.0,0.14579826593399048,0.8542017340660095
179,Gemini,Bare Llama3B,4,0.9931401873473078,0.006859812652692199,0.0
180,Gemini,Bare Llama3B,5,0.0,0.18953299522399902,0.810467004776001
181,Gemini,Bare Llama3B,5,0.13923374712467196,0.7,0.16076625287532806
182,Gemini,Bare Llama3B,3,0.10641201734542849,0.4064120173454284,0.4871759653091431
183,Gemini,Bare Llama3B,4,0.02616643309593203,0.22616643309593198,0.747667133808136
184,Gemini,Bare Llama3B,7,0.11992348134517672,0.41992348134517665,0.46015303730964663
185,Gemini,Bare Llama3B,3,0.1023587077856064,0.40235870778560634,0.49528258442878725
186,Gemini,Bare Llama3B,4,0.14104465544223788,0.7,0.15895534455776214
187,Gemini,Bare Llama3B,2,0.0,0.11892804503440857,0.8810719549655914
188,Gemini,Bare Llama3B,6,0.15049644708633425,0.7,0.14950355291366577
189,Gemini,Bare Llama3B,2,0.0,0.007517993450164795,0.9924820065498352
190,Gemini,Bare Llama3B,5,0.09674077630043032,0.2967407763004303,0.6065184473991394
191,Gemini,Bare Llama3B,3,0.0,0.11320409178733826,0.8867959082126617
192,Gemini,Bare Llama3B,10,0.004504197835922263,0.20450419783592222,0.7909916043281555
193,Gemini,Bare Llama3B,4,0.7884075306355953,0.20579623468220232,0.005796234682202334
194,Gemini,Bare Llama3B,6,0.0,0.048648446798324585,0.9513515532016754
195,Gemini,Bare Llama3B,7,0.1428194284439087,0.7,0.1571805715560913
196,Gemini,Bare Llama3B,4,0.0,0.14443746209144592,0.8555625379085541
197,Gemini,Bare Llama3B,2,0.0,0.17633020877838135,0.8236697912216187
198,Gemini,Bare Llama3B,3,0.11188467741012575,0.4118846774101257,0.47623064517974856
199,Gemini,Bare Llama3B,5,0.0,0.10821458697319031,0.8917854130268097
200,Gemini,Bare Llama3B,2,0.07751590907573702,0.277515909075737,0.644968181848526
201,Gemini,Bare Llama3B,4,0.06633208096027376,0.2663320809602737,0.6673358380794525
202,Gemini,Bare Llama3B,6,0.0,0.01203182339668274,0.9879681766033173
203,Gemini,Bare Llama3B,5,0.14885673820972445,0.7,0.15114326179027557
204,Gemini,Bare Llama3B,5,0.0,0.03631916642189026,0.9636808335781097
205,Gemini,Bare Llama3B,4,0.09060525298118594,0.2906052529811859,0.6187894940376282
206,Gemini,Bare Llama3B,5,0.14493351578712466,0.7,0.15506648421287536
207,Gemini,Bare Llama3B,3,0.1452228367328644,0.7,0.15477716326713561
208,Gemini,Bare Llama3B,5,0.0,0.06082238256931305,0.939177617430687
209,Gemini,Bare Llama3B,5,0.14584059417247774,0.7,0.15415940582752227
210,Gemini,Bare Llama3B,2,0.9562459755688906,0.04375402443110943,0.0
211,Gemini,Bare Llama3B,8,0.0,0.1913018822669983,0.8086981177330017
212,Gemini,Bare Llama3B,7,0.0,0.014380604028701782,0.9856193959712982
213,Gemini,Bare Llama3B,3,0.1477184981107712,0.7,0.15228150188922882
214,Gemini,Bare Llama3B,5,0.1458036541938782,0.7,0.15419634580612182
215,Gemini,Bare Llama3B,4,0.03014192879199984,0.2301419287919998,0.7397161424160004
216,Gemini,Bare Llama3B,2,0.1506764978170395,0.7,0.1493235021829605
217,Gemini,Bare Llama3B,5,0.053679832816123985,0.25367983281612394,0.6926403343677521
218,Gemini,Bare Llama3B,5,0.037106344103813194,0.23710634410381315,0.7257873117923737
219,Gemini,Bare Llama3B,6,0.09489675760269167,0.29489675760269163,0.6102064847946167
220,Gemini,Bare Llama3B,3,0.0,0.0462917685508728,0.9537082314491272
221,Gemini,Bare Llama3B,3,0.11007211506366732,0.41007211506366725,0.4798557698726654
222,Gemini,Bare Llama3B,7,0.9068254502490163,0.09317454975098372,0.0
223,Gemini,Bare Llama3B,4,0.09932328164577486,0.2993232816457748,0.6013534367084503
224,Gemini,Bare Llama3B,2,0.03425940275192263,0.23425940275192259,0.7314811944961548
225,Gemini,Bare Llama3B,5,0.11675875782966616,0.4167587578296661,0.46648248434066775
226,Gemini,Bare Llama3B,5,0.9911123960046098,0.008887603995390236,0.0
227,Gemini,Bare Llama3B,6,0.023269423842430137,0.2232694238424301,0.7534611523151398
228,Gemini,Bare Llama3B,3,0.14711723625659945,0.7,0.15288276374340057
229,Gemini,Bare Llama3B,3,0.1048563212156296,0.40485632121562953,0.49028735756874087
230,Gemini,Bare Llama3B,2,0.10244480669498446,0.4024448066949844,0.49511038661003115
231,Gemini,Bare Llama3B,8,0.005563744902610801,0.20556374490261076,0.7888725101947784
232,Gemini,Bare Llama3B,2,0.8818909181281924,0.11810908187180758,0.0
233,Gemini,Bare Llama3B,11,0.14375793337821963,0.7,0.1562420666217804
234,Gemini,Bare Llama3B,2,0.0,0.1923559606075287,0.8076440393924713
235,Gemini,Bare Llama3B,5,0.1191380560398102,0.41913805603981014,0.46172388792037966
236,Gemini,Bare Llama3B,2,0.1484393119812012,0.7,0.15156068801879882
237,Gemini,Bare Llama3B,4,0.007395499944686912,0.20739549994468687,0.7852090001106262
238,Gemini,Bare Llama3B,5,0.13938895761966708,0.7,0.16061104238033294
239,Gemini,Bare Llama3B,4,0.0,0.10676732659339905,0.893232673406601
240,Gemini,Bare Llama3B,3,0.1262101173400879,0.7,0.1737898826599121
241,Gemini,Bare Llama3B,5,0.0,0.10215412080287933,0.8978458791971207
242,Gemini,Bare Llama3B,6,0.1558519244194031,0.7,0.14414807558059692
243,Gemini,Bare Llama3B,7,0.6971029615961015,0.2514485192019492,0.05144851920194923
244,Gemini,Bare Llama3B,4,0.0548205763101578,0.25482057631015775,0.6903588473796844
245,Gemini,Bare Llama3B,6,0.0,0.14993223547935486,0.8500677645206451
246,Gemini,Bare Llama3B,3,0.14764497578144076,0.7,0.15235502421855926
247,Gemini,Bare Llama3B,7,0.1010961025953293,0.40109610259532924,0.49780779480934145
248,Gemini,Bare Llama3B,3,0.14250786006450655,0.7,0.15749213993549346
249,Gemini,Bare Llama3B,4,0.0,0.16887107491493225,0.8311289250850677
250,Gemini,Bare Llama3B,4,0.051958420872688316,0.25195842087268827,0.6960831582546234
251,Gemini,Bare Llama3B,3,0.998769358615391,0.0012306413846090436,0.0
252,Gemini,Bare Llama3B,5,0.0,0.06885093450546265,0.9311490654945374
253,Gemini,Bare Llama3B,2,0.09459261000156405,0.294592610001564,0.610814779996872
254,Gemini,Bare Llama3B,3,0.0,0.004790455102920532,0.9952095448970795
255,Gemini,Bare Llama3B,2,0.0,0.11296042799949646,0.8870395720005035
256,Gemini,Bare Llama3B,3,0.0,0.03413304686546326,0.9658669531345367
257,Gemini,Bare Llama3B,5,0.0,0.19228583574295044,0.8077141642570496
258,Gemini,Bare Llama3B,4,0.1176315486431122,0.41763154864311214,0.46473690271377566
259,Gemini,Bare Llama3B,2,0.13081560432910921,0.7,0.1691843956708908
260,Gemini,Bare Llama3B,6,0.0,0.01560145616531372,0.9843985438346863
261,Gemini,Bare Llama3B,4,0.0591470390558243,0.25914703905582426,0.6817059218883514
262,Gemini,Bare Llama3B,6,0.15244688987731936,0.7,0.14755311012268066
263,Gemini,Bare Llama3B,2,0.12910697758197787,0.7,0.17089302241802215
264,Gemini,Bare Llama3B,2,0.08256342411041262,0.2825634241104126,0.6348731517791748
265,Gemini,Bare Llama3B,3,0.14011051654815676,0.7,0.15988948345184326
266,Gemini,Bare Llama3B,5,0.0,0.010531201958656311,0.9894687980413437
267,Gemini,Bare Llama3B,8,0.11029724180698397,0.4102972418069839,0.4794055163860321
268,Gemini,Bare Llama3B,3,0.9905618759803474,0.009438124019652605,0.0
269,Gemini,Bare Llama3B,4,0.023630948364734672,0.22363094836473463,0.7527381032705307
270,Gemini,Bare Llama3B,7,0.014085763692855857,0.2140857636928558,0.7718284726142883
271,Gemini,Bare Llama3B,3,0.150728115439415,0.7,0.14927188456058502
272,Gemini,Bare Llama3B,5,0.9954670118167996,0.004532988183200359,0.0
273,Gemini,Bare Llama3B,4,0.0,0.049666017293930054,0.95033398270607
274,Gemini,Bare Llama3B,3,0.10138072967529299,0.4013807296752929,0.4972385406494141
275,Gemini,Bare Llama3B,5,0.13721903562545779,0.7,0.16278096437454223
276,Gemini,Bare Llama3B,5,0.0,0.15930694341659546,0.8406930565834045
277,Gemini,Bare Llama3B,4,0.0,0.037093400955200195,0.9629065990447998
278,Gemini,Bare Llama3B,2,0.1375472038984299,0.7,0.16245279610157012
279,Gemini,Bare Llama3B,5,0.028287434577941917,0.22828743457794187,0.7434251308441162
280,Gemini,Bare Llama3B,2,0.0,0.19033941626548767,0.8096605837345123
281,Gemini,Bare Llama3B,2,0.12385369241237643,0.42385369241237636,0.4522926151752472
282,Gemini,Bare Llama3B,2,0.0,0.07233354449272156,0.9276664555072784
283,Gemini,Bare Llama3B,2,0.0,0.1592642366886139,0.8407357633113861
284,Gemini,Bare Llama3B,5,0.12198191285133364,0.4219819128513336,0.4560361742973328
285,Gemini,Bare Llama3B,4,0.0,0.018797844648361206,0.9812021553516388
286,Gemini,Bare Llama3B,5,0.07191489040851595,0.2719148904085159,0.6561702191829681
287,Gemini,Bare Llama3B,3,0.016270005702972434,0.2162700057029724,0.7674599885940552
288,Gemini,Bare Llama3B,3,0.11176561713218691,0.41176561713218685,0.47646876573562624
289,Gemini,Bare Llama3B,3,0.0,0.04664558172225952,0.9533544182777405
290,Gemini,Bare Llama3B,3,0.10190958678722384,0.40190958678722377,0.4961808264255524
291,Gemini,Bare Llama3B,4,0.03542789220809939,0.23542789220809934,0.7291442155838013
292,Gemini,Bare Llama3B,3,0.1348216623067856,0.7,0.1651783376932144
293,Gemini,Bare Llama3B,4,0.11902081370353701,0.41902081370353694,0.46195837259292605
294,Gemini,Bare Llama3B,5,0.0,0.028577446937561035,0.971422553062439
295,Gemini,Bare Llama3B,2,0.0802799850702286,0.28027998507022855,0.6394400298595428
296,Gemini,Bare Llama3B,3,0.0,0.006231248378753662,0.9937687516212463
297,Gemini,Bare Llama3B,3,0.9759019063785672,0.02409809362143278,0.0
298,Gemini,Bare Llama3B,7,0.010664933919906638,0.2106649339199066,0.7786701321601868
299,Gemini,Bare Llama3B,5,0.0,0.04817935824394226,0.9518206417560577
300,Gemini,Bare Llama3B,3,0.15588078796863558,0.7,0.14411921203136444
301,Gemini,Bare Llama3B,3,0.13483900725841524,0.7,0.16516099274158477
302,Gemini,Bare Llama3B,7,0.0,0.12566617131233215,0.8743338286876678
303,Gemini,Bare Llama3B,6,0.7339956390205771,0.23300218048971144,0.03300218048971146
304,Gemini,Bare Llama3B,4,0.028795549273490928,0.22879554927349088,0.7424089014530182
305,Gemini,Bare Llama3B,9,0.9911636863835156,0.008836313616484404,0.0
306,Gemini,Bare Llama3B,3,0.9959448222070932,0.004055177792906761,0.0
307,Gemini,Bare Llama3B,7,0.14977001547813418,0.7,0.15022998452186584
308,Gemini,Bare Llama3B,2,0.12973982989788058,0.7,0.17026017010211944
309,Gemini,Bare Llama3B,5,0.995410128030926,0.004589871969074011,0.0
310,Gemini,Bare Llama3B,5,0.9833645503968,0.01663544960319996,0.0
311,Gemini,Bare Llama3B,6,0.0,0.09020191431045532,0.9097980856895447
312,Gemini,Bare Llama3B,3,0.1216889560222626,0.42168895602226253,0.4566220879554749
313,Gemini,Bare Llama3B,4,0.0,0.18130531907081604,0.818694680929184
314,Gemini,Bare Llama3B,6,0.041787037253379844,0.2417870372533798,0.7164259254932404
315,Gemini,Bare Llama3B,3,0.08638148903846743,0.2863814890384674,0.6272370219230652
316,Gemini,Bare Llama3B,5,0.0,0.12198406457901001,0.87801593542099
317,Gemini,Bare Llama3B,2,0.0,0.1862020492553711,0.8137979507446289
318,Gemini,Bare Llama3B,13,0.1572809329722077,0.7,0.14271906702779233
319,Gemini,Bare Llama3B,4,0.12951221466064455,0.7,0.17048778533935546
320,Gemini,Bare Llama3B,8,0.0,0.1591338813304901,0.8408661186695099
321,Gemini,Bare Llama3B,5,0.0,0.16094279289245605,0.839057207107544
322,Gemini,Bare Llama3B,5,0.7038637003861368,0.2480681498069316,0.04806814980693161
323,Gemini,Bare Llama3B,6,0.11483252942562105,0.414832529425621,0.47033494114875796
324,Gemini,Bare Llama3B,3,0.9941270702984184,0.005872929701581597,0.0
325,Gemini,Bare Llama3B,3,0.14657540023326876,0.7,0.15342459976673126
326,Gemini,Bare Llama3B,2,0.0,0.01513594388961792,0.9848640561103821
327,Gemini,Bare Llama3B,6,0.14542444944381716,0.7,0.15457555055618286
328,Gemini,Bare Llama3B,5,0.11341325342655184,0.4134132534265518,0.4731734931468964
329,Gemini,Bare Llama3B,2,0.09930529594421389,0.29930529594421384,0.6013894081115723
330,Gemini,Bare Llama3B,5,0.1039814889431,0.40398148894309993,0.49203702211380007
331,Gemini,Bare Llama3B,7,0.0,0.03889003396034241,0.9611099660396576
332,Gemini,Bare Llama3B,3,0.9154630452394485,0.08453695476055145,0.0
333,Gemini,Bare Llama3B,7,0.0,0.08570551872253418,0.9142944812774658
334,Gemini,Bare Llama3B,6,0.14228675663471224,0.7,0.15771324336528778
335,Gemini,Bare Llama3B,5,0.7501329400693066,0.22493352996534666,0.024933529965346674
336,Gemini,Bare Llama3B,3,0.032316216826438926,0.23231621682643888,0.7353675663471222
337,Gemini,Bare Llama3B,8,0.0,0.09471958875656128,0.9052804112434387
338,Gemini,Bare Llama3B,4,0.09200949370861056,0.2920094937086105,0.6159810125827789
339,Gemini,Bare Llama3B,5,0.15011637806892397,0.7,0.14988362193107604
340,Gemini,Bare Llama3B,7,0.07375457286834719,0.27375457286834715,0.6524908542633057
341,Gemini,Bare Llama3B,3,0.0,0.022454261779785156,0.9775457382202148
342,Gemini,Bare Llama3B,4,0.16626260287594052,0.7,0.1337373971240595
343,Gemini,Bare Llama3B,3,0.13316565155982973,0.7,0.16683434844017028
344,Gemini,Bare Llama3B,7,0.048004457354545615,0.24800445735454557,0.7039910852909088
345,Gemini,Bare Llama3B,7,0.14938878417015078,0.7,0.15061121582984924
346,Gemini,Bare Llama3B,5,0.08706212937831881,0.28706212937831876,0.6258757412433624
347,Gemini,Bare Llama3B,5,0.14403715226799252,0.7,0.1559628477320075
348,Gemini,Bare Llama3B,3,0.1283313423395157,0.7,0.1716686576604843
349,Gemini,Bare Llama3B,6,0.08458315730094912,0.2845831573009491,0.6308336853981018
350,Gemini,Bare Llama3B,2,0.011793369054794334,0.2117933690547943,0.7764132618904114
351,Gemini,Bare Llama3B,2,0.07898645997047427,0.2789864599704742,0.6420270800590515
352,Gemini,Bare Llama3B,2,0.0,0.0661323070526123,0.9338676929473877
353,Gemini,Bare Llama3B,3,0.924590677022934,0.07540932297706604,0.0
354,Gemini,Bare Llama3B,7,0.1585176229476929,0.7,0.14148237705230712
355,Gemini,Bare Llama3B,6,0.11664856374263766,0.4166485637426376,0.46670287251472475
356,Gemini,Bare Llama3B,6,0.1362683713436127,0.7,0.16373162865638732
357,Gemini,Bare Llama3B,2,0.0,0.07353159785270691,0.9264684021472931
358,Gemini,Bare Llama3B,2,0.0,0.007054805755615234,0.9929451942443848
359,Gemini,Bare Llama3B,6,0.06493403911590578,0.26493403911590574,0.6701319217681885
360,Gemini,Bare Llama3B,5,0.10193015038967135,0.4019301503896713,0.49613969922065737
361,Gemini,Bare Llama3B,5,0.11367061138153078,0.4136706113815307,0.4726587772369385
362,Gemini,Bare Llama3B,2,0.0,0.07085523009300232,0.9291447699069977
363,Gemini,Bare Llama3B,4,0.0,0.0327172577381134,0.9672827422618866
364,Gemini,Bare Llama3B,3,0.02771527469158175,0.2277152746915817,0.7445694506168365
365,Gemini,Bare Llama3B,7,0.0,0.0035218000411987305,0.9964781999588013
366,Gemini,Bare Llama3B,3,0.14472069740295412,0.7,0.1552793025970459
367,Gemini,Bare Llama3B,5,0.07194446921348574,0.2719444692134857,0.6561110615730286
368,Gemini,Bare Llama3B,5,0.7696581552736461,0.21517092236317692,0.015170922363176936
369,Gemini,Bare Llama3B,4,0.0,0.016596585512161255,0.9834034144878387
370,Gemini,Bare Llama3B,6,0.04257307350635531,0.24257307350635526,0.7148538529872894
371,Gemini,Bare Llama3B,2,0.0,0.06937539577484131,0.9306246042251587
372,Gemini,Bare Llama3B,4,0.02966580688953402,0.22966580688953397,0.740668386220932
373,Gemini,Bare Llama3B,9,0.14410614371299746,0.7,0.15589385628700256
374,Gemini,Bare Llama3B,2,0.051418432593345664,0.2514184325933456,0.6971631348133087
375,Gemini,Bare Llama3B,4,0.13712629079818728,0.7,0.16287370920181274
376,Gemini,Bare Llama3B,6,0.13981313407421114,0.7,0.16018686592578887
377,Gemini,Bare Llama3B,7,0.15173048675060274,0.7,0.14826951324939727
378,Gemini,Bare Llama3B,2,0.14474589526653292,0.7,0.1552541047334671
379,Gemini,Bare Llama3B,7,0.14156853556632998,0.7,0.15843146443367004
380,Gemini,Bare Llama3B,5,0.0,0.08198750019073486,0.9180124998092651
381,Gemini,Bare Llama3B,4,0.9996896598895546,0.0003103401104453951,0.0
382,Gemini,Bare Llama3B,5,0.0,0.144375741481781,0.855624258518219
383,Gemini,Bare Llama3B,7,0.0,0.17437317967414856,0.8256268203258514
384,Gemini,Bare Llama3B,5,0.02563540041446688,0.22563540041446684,0.7487291991710663
385,Gemini,Bare Llama3B,4,0.0,0.13398295640945435,0.8660170435905457
386,Gemini,Bare Llama3B,4,0.0,0.14354440569877625,0.8564555943012238
387,Gemini,Bare Llama3B,6,0.0,0.14479860663414001,0.85520139336586
388,Gemini,Bare Llama3B,4,0.0,0.16401395201683044,0.8359860479831696
389,Gemini,Bare Llama3B,4,0.0,0.04775682091712952,0.9522431790828705
390,Gemini,Bare Llama3B,3,0.0,0.04677528142929077,0.9532247185707092
391,Gemini,Bare Llama3B,4,0.081665375828743,0.28166537582874296,0.636669248342514
392,Gemini,Bare Llama3B,5,0.0,0.037888526916503906,0.9621114730834961
393,Gemini,Bare Llama3B,10,0.13299221694469454,0.7,0.16700778305530548
394,Gemini,Bare Llama3B,2,0.12758942842483523,0.7,0.1724105715751648
395,Gemini,Bare Llama3B,9,0.01576768755912783,0.21576768755912779,0.7684646248817444
396,Gemini,Bare Llama3B,2,0.0,0.008579790592193604,0.9914202094078064
397,Gemini,Bare Llama3B,2,0.04220874011516573,0.2422087401151657,0.7155825197696686
398,Gemini,Bare Llama3B,5,0.12192972898483279,0.4219297289848327,0.4561405420303345
399,Gemini,Bare Llama3B,6,0.09492512941360476,0.2949251294136047,0.6101497411727905
400,Gemini,Bare Llama3B,5,0.09733527302742007,0.29733527302742,0.6053294539451599
401,Gemini,Bare Llama3B,9,0.10452745258808138,0.4045274525880813,0.4909450948238373
402,Gemini,Bare Llama3B,4,0.14820223450660708,0.7,0.15179776549339294
403,Gemini,Bare Llama3B,4,0.13780207335948946,0.7,0.16219792664051055
404,Gemini,Bare Llama3B,3,0.1484536021947861,0.7,0.15154639780521392
405,Gemini,Bare Llama3B,5,0.14001394212245943,0.7,0.15998605787754058
406,Gemini,Bare Llama3B,5,0.16242927163839338,0.7187853641808033,0.1187853641808033
407,Gemini,Bare Llama3B,5,0.14932774901390078,0.7,0.15067225098609924
408,Gemini,Bare Llama3B,3,0.0,0.016237646341323853,0.9837623536586761
409,Gemini,Bare Llama3B,12,0.023263835906982444,0.2232638359069824,0.7534723281860352
410,Gemini,Bare Llama3B,4,0.0,0.01802501082420349,0.9819749891757965
411,Gemini,Bare Llama3B,5,0.14184904992580416,0.7,0.15815095007419586
412,Gemini,Bare Llama3B,6,0.1286714315414429,0.7,0.17132856845855712
413,Gemini,Bare Llama3B,8,0.0,0.11919862031936646,0.8808013796806335
414,Gemini,Bare Llama3B,8,0.9850356969982386,0.014964303001761436,0.0
415,Gemini,Bare Llama3B,7,0.0,0.10585150122642517,0.8941484987735748
416,Gemini,Bare Llama3B,7,0.0004106849431991799,0.20041068494319914,0.7991786301136017
417,Gemini,Bare Llama3B,4,0.0,0.14073705673217773,0.8592629432678223
418,Gemini,Bare Llama3B,8,0.0,0.04523983597755432,0.9547601640224457
419,Gemini,Bare Llama3B,4,0.10096997916698458,0.4009699791669845,0.4980600416660309
420,Gemini,Bare Llama3B,5,0.13404043912887575,0.7,0.16595956087112426
421,Gemini,Bare Llama3B,3,0.0,0.11977750062942505,0.880222499370575
422,Gemini,Bare Llama3B,8,0.15051148235797884,0.7,0.14948851764202117
423,Gemini,Bare Llama3B,5,0.0,0.006625473499298096,0.9933745265007019
424,Gemini,Bare Llama3B,4,0.0,0.08061814308166504,0.919381856918335
425,Gemini,Bare Llama3B,5,0.0,0.10962057113647461,0.8903794288635254
426,Gemini,Bare Llama3B,4,0.08794430792331698,0.28794430792331693,0.6241113841533661
427,Gemini,Bare Llama3B,7,0.07978197336196902,0.27978197336196897,0.640436053276062
428,Gemini,Bare Llama3B,7,0.07436058819293978,0.27436058819293974,0.6512788236141205
429,Gemini,Bare Llama3B,3,0.11449032425880434,0.4144903242588043,0.4710193514823914
430,Gemini,Bare Llama3B,4,0.0,0.12325438857078552,0.8767456114292145
431,Gemini,Bare Llama3B,5,0.1229147404432297,0.42291474044322963,0.45417051911354067
432,Gemini,Bare Llama3B,3,0.0,0.11149677634239197,0.888503223657608
433,Gemini,Bare Llama3B,5,0.14138121306896212,0.7,0.1586187869310379
434,Gemini,Bare Llama3B,2,0.0,0.05716469883918762,0.9428353011608124
435,Gemini,Bare Llama3B,3,0.13967544734478,0.7,0.16032455265522003
436,Gemini,Bare Llama3B,6,0.9696954183746129,0.030304581625387073,0.0
437,Gemini,Bare Llama3B,10,0.10807744562625887,0.4080774456262588,0.4838451087474823
438,Gemini,Bare Llama3B,4,0.0,0.04587525129318237,0.9541247487068176
439,Gemini,Bare Llama3B,4,0.14691669642925265,0.7,0.15308330357074737
440,Gemini,Bare Llama3B,4,0.07063921689987185,0.2706392168998718,0.6587215662002563
441,Gemini,Bare Llama3B,5,0.037624606490135215,0.23762460649013517,0.7247507870197296
442,Gemini,Bare Llama3B,5,0.0,0.19379514455795288,0.8062048554420471
443,Gemini,Bare Llama3B,4,0.11074058115482333,0.41074058115482326,0.4785188376903534
444,Gemini,Bare Llama3B,5,0.0,0.1848154067993164,0.8151845932006836
445,Gemini,Bare Llama3B,2,0.0,0.03720536828041077,0.9627946317195892
446,Gemini,Bare Llama3B,4,0.0,0.06890729069709778,0.9310927093029022
447,Gemini,Bare Llama3B,3,0.0,0.17283567786216736,0.8271643221378326
448,Gemini,Bare Llama3B,3,0.0,0.15034309029579163,0.8496569097042084
449,Gemini,Bare Llama3B,5,0.7359227761626244,0.2320386119186878,0.032038611918687815
450,Gemini,Bare Llama3B,5,0.7332960488274693,0.2333519755862653,0.03335197558626532
451,Gemini,Bare Llama3B,4,0.0,0.061712563037872314,0.9382874369621277
452,Gemini,Bare Llama3B,6,0.09444897770881655,0.2944489777088165,0.6111020445823669
453,Gemini,Bare Llama3B,7,0.0,0.16329070925712585,0.8367092907428741
454,Gemini,Bare Llama3B,4,0.0919832229614258,0.29198322296142576,0.6160335540771484
455,Gemini,Bare Llama3B,2,0.0,0.002038240432739258,0.9979617595672607
456,Gemini,Bare Llama3B,5,0.15022849440574648,0.7,0.14977150559425353
457,Gemini,Bare Llama3B,7,0.15071640312671664,0.7,0.14928359687328338
458,Gemini,Bare Llama3B,9,0.0,0.16442318260669708,0.8355768173933029
459,Gemini,Bare Llama3B,6,0.9928401610231958,0.007159838976804167,0.0
460,Gemini,Bare Llama3B,2,0.11142207086086275,0.4114220708608627,0.47715585827827456
461,Gemini,Bare Llama3B,4,0.14120497703552248,0.7,0.15879502296447753
462,Gemini,Bare Llama3B,4,0.1351888567209244,0.7,0.16481114327907562
463,Gemini,Bare Llama3B,4,0.08681886792182925,0.2868188679218292,0.6263622641563416
464,Gemini,Bare Llama3B,4,0.08310928344726565,0.2831092834472656,0.6337814331054688
465,Gemini,Bare Llama3B,3,0.9997172096627764,0.0002827903372235596,0.0
466,Gemini,Bare Llama3B,5,0.13178270459175112,0.7,0.1682172954082489
467,Gemini,Bare Llama3B,7,0.09693084061145785,0.2969308406114578,0.6061383187770844
468,Gemini,Bare Llama3B,3,0.14527439475059511,0.7,0.1547256052494049
469,Gemini,Bare Llama3B,10,0.017995873093605064,0.21799587309360502,0.7640082538127899
470,Gemini,Bare Llama3B,5,0.14303996562957766,0.7,0.15696003437042236
471,Gemini,Bare Llama3B,5,0.038283252716064475,0.23828325271606443,0.7234334945678711
472,Gemini,Bare Llama3B,8,0.07359437048435213,0.2735943704843521,0.6528112590312958
473,Gemini,Bare Llama3B,4,0.051462852954864524,0.2514628529548645,0.697074294090271
474,Gemini,Bare Llama3B,7,0.0,0.08665457367897034,0.9133454263210297
475,Gemini,Bare Llama3B,4,0.9843757729977369,0.01562422700226307,0.0
476,Gemini,Bare Llama3B,3,0.14697872996330263,0.7,0.15302127003669738
477,Gemini,Bare Llama3B,3,0.0,0.15995988249778748,0.8400401175022125
478,Gemini,Bare Llama3B,4,0.04123937487602236,0.24123937487602232,0.7175212502479553
479,Gemini,Bare Llama3B,3,0.0,0.04048082232475281,0.9595191776752472
480,Gemini,Bare Llama3B,4,0.10229388773441317,0.4022938877344131,0.49541222453117373
481,Gemini,Bare Llama3B,3,0.11670848131179812,0.41670848131179805,0.46658303737640383
482,Gemini,Bare Llama3B,5,0.0,0.04827865958213806,0.9517213404178619
483,Gemini,Bare Llama3B,4,0.14887473881244662,0.7,0.1511252611875534
484,Gemini,Bare Llama3B,38,0.0,0.005302757024765015,0.994697242975235
485,Gemini,Bare Llama3B,10,0.1520539611577988,0.7,0.14794603884220123
486,Gemini,Bare Llama3B,4,0.9952949546277523,0.004705045372247696,0.0
487,Gemini,Bare Llama3B,6,0.07497110366821291,0.27497110366821287,0.6500577926635742
488,Gemini,Bare Llama3B,7,0.05765810012817385,0.2576581001281738,0.6846837997436523
489,Gemini,Bare Llama3B,6,0.11648490428924563,0.41648490428924556,0.4670301914215088
490,Gemini,Bare Llama3B,5,0.15140734016895296,0.7,0.14859265983104705
491,Gemini,Bare Llama3B,7,0.13718297481536867,0.7,0.16281702518463134
492,Gemini,Bare Llama3B,6,0.14240209162235262,0.7,0.1575979083776474
493,Gemini,Bare Llama3B,5,0.9962222257163376,0.0037777742836624384,0.0
494,Gemini,Bare Llama3B,6,0.0,0.0870211124420166,0.9129788875579834
495,Gemini,Bare Llama3B,7,0.0,0.06153485178947449,0.9384651482105255
496,Gemini,Bare Llama3B,5,0.0,0.169019877910614,0.830980122089386
497,Gemini,Bare Llama3B,4,0.06864021122455599,0.26864021122455595,0.6627195775508881
498,Gemini,Bare Llama3B,4,0.13178891837596896,0.7,0.16821108162403106
499,Gemini,Bare Llama3B,4,0.0,0.16229292750358582,0.8377070724964142
500,Gemini,Bare Llama3B,4,0.12482429444789889,0.4248242944478988,0.4503514111042023
501,Gemini,Bare Llama3B,2,0.15011862814426424,0.7,0.14988137185573577
502,Gemini,Bare Llama3B,7,0.9894024850800633,0.010597514919936657,0.0
503,Gemini,Bare Llama3B,5,0.14462662637233736,0.7,0.15537337362766265
504,Gemini,Bare Llama3B,4,0.03195382058620455,0.2319538205862045,0.7360923588275909
505,Gemini,Bare Llama3B,2,0.0,0.08210670948028564,0.9178932905197144
506,Gemini,Bare Llama3B,2,0.04422915875911715,0.2442291587591171,0.7115416824817657
507,Gemini,Bare Llama3B,3,0.0,0.18217208981513977,0.8178279101848602
508,Gemini,Bare Llama3B,5,0.14065479636192324,0.7,0.15934520363807678
509,Gemini,Bare Llama3B,3,0.10630696415901186,0.4063069641590118,0.48738607168197634
510,Gemini,Bare Llama3B,6,0.9949038098566234,0.005096190143376589,0.0
511,Gemini,Bare Llama3B,5,0.1235483378171921,0.42354833781719203,0.45290332436561587
512,Gemini,Bare Llama3B,4,0.14260401725769045,0.7,0.15739598274230956
513,Gemini,Bare Llama3B,4,0.0,0.12205648422241211,0.8779435157775879
514,Gemini,Bare Llama3B,4,0.14193061888217928,0.7,0.15806938111782073
515,Gemini,Bare Llama3B,6,0.0,0.07700490951538086,0.9229950904846191
516,Gemini,Bare Llama3B,9,0.0,0.12539449334144592,0.8746055066585541
517,Gemini,Bare Llama3B,5,0.130867013335228,0.7,0.16913298666477203
518,Gemini,Bare Llama3B,5,0.01163827031850817,0.21163827031850813,0.7767234593629837
519,Gemini,Bare Llama3B,6,0.1394603490829468,0.7,0.16053965091705322
520,Gemini,Bare Llama3B,2,0.14471499025821688,0.7,0.15528500974178314
521,Gemini,Bare Llama3B,3,0.0,0.0248757004737854,0.9751242995262146
522,Gemini,Bare Llama3B,5,0.0,0.05904865264892578,0.9409513473510742
523,Gemini,Bare Llama3B,4,0.0,0.11665275692939758,0.8833472430706024
524,Gemini,Bare Llama3B,2,0.0,0.19167017936706543,0.8083298206329346
525,Gemini,Bare Llama3B,6,0.09648793339729311,0.29648793339729307,0.6070241332054138
526,Gemini,Bare Llama3B,4,0.0,0.17027336359024048,0.8297266364097595
527,Gemini,Bare Llama3B,4,0.0,0.19708257913589478,0.8029174208641052
528,Gemini,Bare Llama3B,3,0.049509504437446616,0.24950950443744657,0.7009809911251068
529,Gemini,Bare Llama3B,5,0.13318238556385043,0.7,0.1668176144361496
530,Gemini,Bare Llama3B,2,0.11588294208049776,0.4158829420804977,0.46823411583900454
531,Gemini,Bare Llama3B,5,0.12372044622898104,0.423720446228981,0.452559107542038
532,Gemini,Bare Llama3B,3,0.010497668385505698,0.21049766838550565,0.7790046632289886
533,Gemini,Bare Llama3B,3,0.11957883238792422,0.41957883238792415,0.46084233522415163
