chain_id,model,method,num_emails,sentiment_neg,sentiment_neu,sentiment_pos
0,Deepseek,Fewshot,6,0.08291851878166201,0.28291851878166197,0.634162962436676
1,Deepseek,Fewshot,6,0.10148962736129763,0.40148962736129756,0.4970207452774048
2,Deepseek,Fewshot,6,0.14834854900836947,0.7,0.15165145099163055
3,Deepseek,Fewshot,7,0.13402017354965212,0.7,0.1659798264503479
4,Deepseek,Fewshot,6,0.040543058514595054,0.240543058514595,0.7189138829708099
5,Deepseek,Fewshot,6,0.04256674051284792,0.24256674051284788,0.7148665189743042
6,Deepseek,Fewshot,6,0.0,0.10300847887992859,0.8969915211200714
7,Deepseek,Fewshot,7,0.14244375526905062,0.7,0.1575562447309494
8,Deepseek,Fewshot,6,0.0,0.05825704336166382,0.9417429566383362
9,Deepseek,Fewshot,7,0.0,0.11463353037834167,0.8853664696216583
10,Deepseek,Fewshot,6,0.0,0.1618259847164154,0.8381740152835846
11,Deepseek,Fewshot,7,0.10234011113643648,0.4023401111364364,0.4953197777271271
12,Deepseek,Fewshot,6,0.10592950284481051,0.40592950284481044,0.48814099431037905
13,Deepseek,Fewshot,7,0.1267812788486481,0.7,0.17321872115135192
14,Deepseek,Fewshot,7,0.07277199029922488,0.27277199029922483,0.6544560194015503
15,Deepseek,Fewshot,6,0.14548943340778353,0.7,0.1545105665922165
16,Deepseek,Fewshot,7,0.04196051657199862,0.24196051657199857,0.7160789668560028
17,Deepseek,Fewshot,6,0.10257852971553805,0.402578529715538,0.494842940568924
18,Deepseek,Fewshot,6,0.10225839316844942,0.40225839316844936,0.4954832136631012
19,Deepseek,Fewshot,7,0.0,0.15160468220710754,0.8483953177928925
20,Deepseek,Fewshot,6,0.01891211569309237,0.21891211569309232,0.7621757686138153
21,Deepseek,Fewshot,6,0.0,0.035265982151031494,0.9647340178489685
22,Deepseek,Fewshot,6,0.10722968876361849,0.4072296887636184,0.4855406224727631
23,Deepseek,Fewshot,6,0.14883320927619936,0.7,0.15116679072380065
24,Deepseek,Fewshot,5,0.0003074049949646218,0.20030740499496458,0.7993851900100708
25,Deepseek,Fewshot,6,0.06534681618213656,0.2653468161821365,0.6693063676357269
26,Deepseek,Fewshot,7,0.1351389676332474,0.7,0.16486103236675262
27,Deepseek,Fewshot,6,0.0,0.1692659556865692,0.8307340443134308
28,Deepseek,Fewshot,10,0.1420220971107483,0.7,0.1579779028892517
29,Deepseek,Fewshot,7,0.14352142214775088,0.7,0.15647857785224914
30,Deepseek,Fewshot,6,0.0,0.06876912713050842,0.9312308728694916
31,Deepseek,Fewshot,6,0.14652431905269625,0.7,0.15347568094730377
32,Deepseek,Fewshot,6,0.0,0.03368794918060303,0.966312050819397
33,Deepseek,Fewshot,9,0.0,0.13548457622528076,0.8645154237747192
34,Deepseek,Fewshot,7,0.0,0.11544418334960938,0.8845558166503906
35,Deepseek,Fewshot,6,0.04316135644912722,0.24316135644912718,0.7136772871017456
36,Deepseek,Fewshot,6,0.0,0.1766742467880249,0.8233257532119751
37,Deepseek,Fewshot,7,0.1403473258018494,0.7,0.15965267419815063
38,Deepseek,Fewshot,6,0.1336632460355759,0.7,0.16633675396442413
39,Deepseek,Fewshot,6,0.011187368631362937,0.2111873686313629,0.7776252627372742
40,Deepseek,Fewshot,7,0.0,0.17078667879104614,0.8292133212089539
41,Deepseek,Fewshot,6,0.0,0.16348996758460999,0.83651003241539
42,Deepseek,Fewshot,7,0.10667606592178347,0.4066760659217834,0.4866478681564331
43,Deepseek,Fewshot,6,0.0028619855642318948,0.20286198556423185,0.7942760288715363
44,Deepseek,Fewshot,6,0.1243052273988724,0.42430522739887233,0.45138954520225527
45,Deepseek,Fewshot,6,0.1260381877422333,0.7,0.17396181225776672
46,Deepseek,Fewshot,7,0.14230012297630312,0.7,0.1576998770236969
47,Deepseek,Fewshot,7,0.007260212302207969,0.20726021230220792,0.7854795753955841
48,Deepseek,Fewshot,6,0.13684984445571902,0.7,0.163150155544281
49,Deepseek,Fewshot,6,0.0,0.15083914995193481,0.8491608500480652
50,Deepseek,Fewshot,7,0.11352675557136538,0.4135267555713653,0.4729464888572693
51,Deepseek,Fewshot,6,0.12479288280010226,0.4247928828001022,0.45041423439979555
52,Deepseek,Fewshot,6,0.12249433398246767,0.4224943339824676,0.4550113320350647
53,Deepseek,Fewshot,7,0.12396811842918398,0.4239681184291839,0.4520637631416321
54,Deepseek,Fewshot,6,0.06259956359863283,0.2625995635986328,0.6748008728027344
55,Deepseek,Fewshot,6,0.011509308218956016,0.21150930821895597,0.776981383562088
56,Deepseek,Fewshot,6,0.0,0.13066565990447998,0.86933434009552
57,Deepseek,Fewshot,7,0.13803393542766573,0.7,0.16196606457233428
58,Deepseek,Fewshot,7,0.1424411326646805,0.7,0.1575588673353195
59,Deepseek,Fewshot,6,0.0,0.020790010690689087,0.9792099893093109
60,Deepseek,Fewshot,7,0.0018905192613601907,0.20189051926136015,0.7962189614772797
61,Deepseek,Fewshot,6,0.08518923223018648,0.28518923223018644,0.6296215355396271
62,Deepseek,Fewshot,10,0.0,0.09915587306022644,0.9008441269397736
63,Deepseek,Fewshot,7,0.0,0.16305196285247803,0.836948037147522
64,Deepseek,Fewshot,7,0.1421558499336243,0.7,0.15784415006637573
65,Deepseek,Fewshot,6,0.1108593136072159,0.41085931360721584,0.47828137278556826
66,Deepseek,Fewshot,7,0.11783871948719027,0.4178387194871902,0.46432256102561953
67,Deepseek,Fewshot,6,0.01737853288650515,0.2173785328865051,0.7652429342269897
68,Deepseek,Fewshot,6,0.0,0.09319078922271729,0.9068092107772827
69,Deepseek,Fewshot,7,0.12418916225433352,0.42418916225433345,0.45162167549133303
70,Deepseek,Fewshot,6,0.10320950448513033,0.40320950448513027,0.4935809910297394
71,Deepseek,Fewshot,6,0.0,0.12275034189224243,0.8772496581077576
72,Deepseek,Fewshot,6,0.00789376497268679,0.20789376497268675,0.7842124700546265
73,Deepseek,Fewshot,6,0.0,0.17367902398109436,0.8263209760189056
74,Deepseek,Fewshot,9,0.13601844906806948,0.7,0.16398155093193054
75,Deepseek,Fewshot,6,0.0,0.10965564846992493,0.8903443515300751
76,Deepseek,Fewshot,7,0.08655835092067721,0.28655835092067716,0.6268832981586456
77,Deepseek,Fewshot,7,0.13668463528156283,0.7,0.1633153647184372
78,Deepseek,Fewshot,6,0.05514943003654482,0.2551494300365448,0.6897011399269104
79,Deepseek,Fewshot,7,0.13129656910896303,0.7,0.16870343089103698
80,Deepseek,Fewshot,6,0.13741921782493594,0.7,0.16258078217506408
81,Deepseek,Fewshot,6,0.00021322965621950463,0.20021322965621946,0.799573540687561
82,Deepseek,Fewshot,7,0.08516965210437777,0.2851696521043777,0.6296606957912445
83,Deepseek,Fewshot,6,0.0,0.1405489444732666,0.8594510555267334
84,Deepseek,Fewshot,6,0.002028191089630149,0.2020281910896301,0.7959436178207397
85,Deepseek,Fewshot,7,0.0,0.09924629330635071,0.9007537066936493
86,Deepseek,Fewshot,7,0.14368186295032503,0.7,0.15631813704967498
87,Deepseek,Fewshot,7,0.1345130890607834,0.7,0.1654869109392166
88,Deepseek,Fewshot,7,0.14390196800231936,0.7,0.15609803199768066
89,Deepseek,Fewshot,7,0.0,0.07593366503715515,0.9240663349628448
90,Deepseek,Fewshot,6,0.0608216315507889,0.26082163155078886,0.6783567368984222
91,Deepseek,Fewshot,7,0.1311082035303116,0.7,0.1688917964696884
92,Deepseek,Fewshot,6,0.015079358220100425,0.21507935822010038,0.7698412835597992
93,Deepseek,Fewshot,6,0.12509562969207766,0.7,0.17490437030792236
94,Deepseek,Fewshot,6,0.0,0.19510844349861145,0.8048915565013885
95,Deepseek,Fewshot,6,0.13887839913368227,0.7,0.16112160086631774
96,Deepseek,Fewshot,10,0.0,0.013382047414779663,0.9866179525852203
97,Deepseek,Fewshot,6,0.06610760986804964,0.2661076098680496,0.6677847802639008
98,Deepseek,Fewshot,7,0.03088473677635195,0.2308847367763519,0.7382305264472961
99,Deepseek,Fewshot,6,0.14170981347560885,0.7,0.15829018652439117
100,Deepseek,Fewshot,7,0.13828721046447756,0.7,0.16171278953552246
101,Deepseek,Fewshot,6,0.06951394081115725,0.2695139408111572,0.6609721183776855
102,Deepseek,Fewshot,6,0.09398525357246401,0.29398525357246397,0.612029492855072
103,Deepseek,Fewshot,7,0.044053980708122276,0.24405398070812223,0.7118920385837555
104,Deepseek,Fewshot,7,0.1396734654903412,0.7,0.1603265345096588
105,Deepseek,Fewshot,6,0.0,0.061415642499923706,0.9385843575000763
106,Deepseek,Fewshot,6,0.0,0.16518321633338928,0.8348167836666107
107,Deepseek,Fewshot,6,0.0,0.07448798418045044,0.9255120158195496
108,Deepseek,Fewshot,6,0.08879398703575136,0.2887939870357513,0.6224120259284973
109,Deepseek,Fewshot,6,0.12548002004623415,0.7,0.17451997995376586
110,Deepseek,Fewshot,7,0.008447939157485984,0.20844793915748594,0.7831041216850281
111,Deepseek,Fewshot,6,0.09598032534122469,0.29598032534122465,0.6080393493175507
112,Deepseek,Fewshot,7,0.08093685805797579,0.28093685805797575,0.6381262838840485
113,Deepseek,Fewshot,6,0.0,0.10091868042945862,0.8990813195705414
114,Deepseek,Fewshot,6,0.0,0.07533952593803406,0.9246604740619659
115,Deepseek,Fewshot,6,0.0,0.03252401947975159,0.9674759805202484
116,Deepseek,Fewshot,7,0.009538316726684593,0.20953831672668455,0.7809233665466309
117,Deepseek,Fewshot,7,0.0,0.17954429984092712,0.8204557001590729
118,Deepseek,Fewshot,9,0.024222934246063255,0.2242229342460632,0.7515541315078735
119,Deepseek,Fewshot,6,0.0,0.10073508322238922,0.8992649167776108
120,Deepseek,Fewshot,7,0.0012641340494156106,0.20126413404941557,0.7974717319011688
121,Deepseek,Fewshot,7,0.0,0.19398370385169983,0.8060162961483002
122,Deepseek,Fewshot,7,0.12196866571903231,0.42196866571903224,0.45606266856193545
123,Deepseek,Fewshot,6,0.0,0.04327686131000519,0.9567231386899948
124,Deepseek,Fewshot,7,0.14297045171260836,0.7,0.15702954828739166
125,Deepseek,Fewshot,6,0.07876634001731875,0.2787663400173187,0.6424673199653625
126,Deepseek,Fewshot,7,0.13961375653743746,0.7,0.16038624346256256
127,Deepseek,Fewshot,6,0.082462215423584,0.28246221542358396,0.635075569152832
128,Deepseek,Fewshot,6,0.012018689513206504,0.21201868951320646,0.775962620973587
129,Deepseek,Fewshot,7,0.10703926682472231,0.40703926682472225,0.48592146635055544
130,Deepseek,Fewshot,7,0.14576140940189364,0.7,0.15423859059810638
131,Deepseek,Fewshot,6,0.14836799502372744,0.7,0.15163200497627258
132,Deepseek,Fewshot,6,0.1376440763473511,0.7,0.16235592365264892
133,Deepseek,Fewshot,7,0.0,0.18595993518829346,0.8140400648117065
134,Deepseek,Fewshot,7,0.13511129617691042,0.7,0.1648887038230896
135,Deepseek,Fewshot,6,0.1445623725652695,0.7,0.15543762743473052
136,Deepseek,Fewshot,6,0.0,0.06265705823898315,0.9373429417610168
137,Deepseek,Fewshot,6,0.0,0.11954906582832336,0.8804509341716766
138,Deepseek,Fewshot,7,0.0,0.1683267056941986,0.8316732943058014
139,Deepseek,Fewshot,6,0.1341730892658234,0.7,0.16582691073417663
140,Deepseek,Fewshot,7,0.0,0.1522865891456604,0.8477134108543396
141,Deepseek,Fewshot,6,0.0,0.161609947681427,0.838390052318573
142,Deepseek,Fewshot,6,0.0,0.14988327026367188,0.8501167297363281
143,Deepseek,Fewshot,7,0.0,0.07271075248718262,0.9272892475128174
144,Deepseek,Fewshot,7,0.0,0.1875976026058197,0.8124023973941803
145,Deepseek,Fewshot,6,0.0,0.18201133608818054,0.8179886639118195
146,Deepseek,Fewshot,7,0.0,0.18360474705696106,0.8163952529430389
147,Deepseek,Fewshot,6,0.0863551586866379,0.28635515868663786,0.6272896826267242
148,Deepseek,Fewshot,6,0.0,0.1744072139263153,0.8255927860736847
149,Deepseek,Fewshot,7,0.1402891367673874,0.7,0.1597108632326126
150,Deepseek,Fewshot,6,0.0,0.05348441004753113,0.9465155899524689
151,Deepseek,Fewshot,6,0.11035498380661013,0.41035498380661006,0.4792900323867798
152,Deepseek,Fewshot,6,0.000489318370819114,0.20048931837081907,0.7990213632583618
153,Deepseek,Fewshot,7,0.0,0.14683076739311218,0.8531692326068878
154,Deepseek,Fewshot,7,0.005056956410408042,0.205056956410408,0.789886087179184
155,Deepseek,Fewshot,7,0.0,0.14742392301559448,0.8525760769844055
156,Deepseek,Fewshot,7,0.09416905939579012,0.2941690593957901,0.6116618812084198
157,Deepseek,Fewshot,6,0.014442989230155967,0.21444298923015592,0.7711140215396881
158,Deepseek,Fewshot,9,0.0,0.12955741584300995,0.87044258415699
159,Deepseek,Fewshot,7,0.0,0.12619900703430176,0.8738009929656982
160,Deepseek,Fewshot,9,0.0,0.08606493473052979,0.9139350652694702
161,Deepseek,Fewshot,7,0.0,0.1755458116531372,0.8244541883468628
162,Deepseek,Fewshot,6,0.0,0.03363105654716492,0.9663689434528351
163,Deepseek,Fewshot,6,0.0,0.1004912406206131,0.8995087593793869
164,Deepseek,Fewshot,6,0.09550022482872011,0.29550022482872007,0.6089995503425598
165,Deepseek,Fewshot,8,0.13699660599231722,0.7,0.1630033940076828
166,Deepseek,Fewshot,6,0.07315740883350375,0.2731574088335037,0.6536851823329926
167,Deepseek,Fewshot,6,0.0,0.1052146852016449,0.8947853147983551
168,Deepseek,Fewshot,7,0.012010672688484214,0.21201067268848417,0.7759786546230316
169,Deepseek,Fewshot,6,0.09443354010581972,0.2944335401058197,0.6111329197883606
170,Deepseek,Fewshot,7,0.023677447438240073,0.22367744743824003,0.7526451051235199
171,Deepseek,Fewshot,6,0.1358045428991318,0.7,0.16419545710086822
172,Deepseek,Fewshot,6,0.0,0.14496830105781555,0.8550316989421844
173,Deepseek,Fewshot,7,0.1242894619703293,0.42428946197032924,0.45142107605934145
174,Deepseek,Fewshot,7,0.009163284301757835,0.2091632843017578,0.7816734313964844
175,Deepseek,Fewshot,7,0.13416341841220858,0.7,0.16583658158779144
176,Deepseek,Fewshot,6,0.08300166726112368,0.28300166726112364,0.6339966654777527
177,Deepseek,Fewshot,5,0.14187207221984866,0.7,0.15812792778015136
178,Deepseek,Fewshot,7,0.027418652176857017,0.22741865217685697,0.745162695646286
179,Deepseek,Fewshot,6,0.04763326942920687,0.24763326942920683,0.7047334611415863
180,Deepseek,Fewshot,7,0.07304565012454989,0.27304565012454984,0.6539086997509003
181,Deepseek,Fewshot,7,0.0936411261558533,0.29364112615585325,0.6127177476882935
182,Deepseek,Fewshot,6,0.0,0.17942708730697632,0.8205729126930237
183,Deepseek,Fewshot,6,0.0,0.13331633806228638,0.8666836619377136
184,Deepseek,Fewshot,6,0.11220560371875765,0.4122056037187576,0.47558879256248476
185,Deepseek,Fewshot,7,0.007731834053993247,0.2077318340539932,0.7845363318920135
186,Deepseek,Fewshot,6,0.0,0.14685124158859253,0.8531487584114075
187,Deepseek,Fewshot,6,0.09973476231098177,0.29973476231098173,0.6005304753780365
188,Deepseek,Fewshot,6,0.0,0.1357562243938446,0.8642437756061554
189,Deepseek,Fewshot,6,0.0,0.10834953188896179,0.8916504681110382
190,Deepseek,Fewshot,7,0.0,0.04230692982673645,0.9576930701732635
191,Deepseek,Fewshot,6,0.03439573347568514,0.2343957334756851,0.7312085330486298
192,Deepseek,Fewshot,6,0.04981868863105776,0.24981868863105772,0.7003626227378845
193,Deepseek,Fewshot,6,0.14727976322174074,0.7,0.15272023677825927
194,Deepseek,Fewshot,7,0.0,0.1851523220539093,0.8148476779460907
195,Deepseek,Fewshot,7,0.0853362172842026,0.28533621728420255,0.6293275654315948
196,Deepseek,Fewshot,6,0.03301202654838564,0.2330120265483856,0.7339759469032288
197,Deepseek,Fewshot,7,0.1323528677225113,0.7,0.1676471322774887
198,Deepseek,Fewshot,6,0.0725444942712784,0.27254449427127836,0.6549110114574432
199,Deepseek,Fewshot,6,0.0,0.11327716708183289,0.8867228329181671
200,Deepseek,Fewshot,6,0.08369895219802859,0.28369895219802854,0.6326020956039429
201,Deepseek,Fewshot,7,0.0,0.1952725052833557,0.8047274947166443
202,Deepseek,Fewshot,6,0.1331412881612778,0.7,0.16685871183872222
203,Deepseek,Fewshot,6,0.13961375653743746,0.7,0.16038624346256256
204,Deepseek,Fewshot,7,0.0,0.15270563960075378,0.8472943603992462
205,Deepseek,Fewshot,7,0.005957418680191062,0.20595741868019102,0.7880851626396179
206,Deepseek,Fewshot,7,0.14323901534080508,0.7,0.15676098465919494
207,Deepseek,Fewshot,7,0.028433123230934165,0.22843312323093412,0.7431337535381317
208,Deepseek,Fewshot,6,0.0,0.11236488819122314,0.8876351118087769
209,Deepseek,Fewshot,7,0.10585159957408907,0.405851599574089,0.4882968008518219
210,Deepseek,Fewshot,6,0.020598897337913535,0.2205988973379135,0.758802205324173
211,Deepseek,Fewshot,6,0.06982497274875643,0.2698249727487564,0.6603500545024872
212,Deepseek,Fewshot,6,0.0,0.19096562266349792,0.8090343773365021
213,Deepseek,Fewshot,6,0.0,0.09119433164596558,0.9088056683540344
214,Deepseek,Fewshot,6,0.12706666588783266,0.7,0.17293333411216735
215,Deepseek,Fewshot,7,0.08272571265697481,0.28272571265697477,0.6345485746860504
216,Deepseek,Fewshot,7,0.0,0.06534212827682495,0.934657871723175
217,Deepseek,Fewshot,7,0.0,0.1096644401550293,0.8903355598449707
218,Deepseek,Fewshot,7,0.06163323819637301,0.26163323819637296,0.676733523607254
219,Deepseek,Fewshot,7,0.0,0.01343613862991333,0.9865638613700867
220,Deepseek,Fewshot,7,0.0,0.17401576042175293,0.8259842395782471
221,Deepseek,Fewshot,7,0.05003834664821627,0.2500383466482162,0.6999233067035675
222,Deepseek,Fewshot,7,0.04961203932762148,0.24961203932762144,0.7007759213447571
223,Deepseek,Fewshot,7,0.042226219177246116,0.24222621917724607,0.7155475616455078
224,Deepseek,Fewshot,6,0.01571118235588076,0.21571118235588072,0.7685776352882385
225,Deepseek,Fewshot,7,0.06980166733264925,0.2698016673326492,0.6603966653347015
226,Deepseek,Fewshot,7,0.0,0.18985381722450256,0.8101461827754974
227,Deepseek,Fewshot,6,0.1339098006486893,0.7,0.16609019935131072
228,Deepseek,Fewshot,6,0.04933401346206667,0.24933401346206663,0.7013319730758667
229,Deepseek,Fewshot,6,0.044697397947311424,0.24469739794731138,0.7106052041053772
230,Deepseek,Fewshot,6,0.14561025202274325,0.7,0.15438974797725677
231,Deepseek,Fewshot,7,0.01914089322090151,0.21914089322090147,0.761718213558197
232,Deepseek,Fewshot,6,0.014131495356559776,0.21413149535655973,0.7717370092868805
233,Deepseek,Fewshot,6,0.0,0.047675371170043945,0.952324628829956
234,Deepseek,Fewshot,6,0.1465077042579651,0.7,0.1534922957420349
235,Deepseek,Fewshot,5,0.01269374191761019,0.21269374191761015,0.7746125161647797
236,Deepseek,Fewshot,9,0.0,0.03535574674606323,0.9646442532539368
237,Deepseek,Fewshot,7,0.11383269131183626,0.4138326913118362,0.47233461737632754
238,Deepseek,Fewshot,6,0.0,0.1826668679714203,0.8173331320285797
239,Deepseek,Fewshot,6,0.10944191515445711,0.40944191515445705,0.48111616969108584
240,Deepseek,Fewshot,9,0.0,0.014895260334014893,0.9851047396659851
241,Deepseek,Fewshot,7,0.11531660854816439,0.4153166085481643,0.4693667829036713
242,Deepseek,Fewshot,7,0.0,0.15479648113250732,0.8452035188674927
243,Deepseek,Fewshot,7,0.0,0.17646145820617676,0.8235385417938232
244,Deepseek,Fewshot,6,0.09409297406673434,0.2940929740667343,0.6118140518665314
245,Deepseek,Fewshot,6,0.11864360570907595,0.4186436057090759,0.46271278858184817
246,Deepseek,Fewshot,7,0.0,0.0952673852443695,0.9047326147556305
247,Deepseek,Fewshot,7,0.0,0.17191806435585022,0.8280819356441498
248,Deepseek,Fewshot,6,0.03919577002525332,0.23919577002525327,0.7216084599494934
249,Deepseek,Fewshot,7,0.009526932239532493,0.20952693223953245,0.7809461355209351
250,Deepseek,Fewshot,7,0.1383474111557007,0.7,0.1616525888442993
251,Deepseek,Fewshot,7,0.026973286271095298,0.22697328627109525,0.7460534274578094
252,Deepseek,Fewshot,7,0.07484068870544436,0.2748406887054443,0.6503186225891113
253,Deepseek,Fewshot,7,0.0,0.1204623281955719,0.8795376718044281
254,Deepseek,Fewshot,7,0.0,0.18902233242988586,0.8109776675701141
255,Deepseek,Fewshot,6,0.0,0.1780342161655426,0.8219657838344574
256,Deepseek,Fewshot,7,0.13929257690906527,0.7,0.16070742309093475
257,Deepseek,Fewshot,7,0.07989066243171694,0.2798906624317169,0.6402186751365662
258,Deepseek,Fewshot,7,0.0,0.03230839967727661,0.9676916003227234
259,Deepseek,Fewshot,6,0.14075184762477877,0.7,0.15924815237522125
260,Deepseek,Fewshot,6,0.1397759556770325,0.7,0.16022404432296752
261,Deepseek,Fewshot,6,0.13374031484127047,0.7,0.16625968515872955
262,Deepseek,Fewshot,6,0.027519607543945335,0.2275196075439453,0.7449607849121094
263,Deepseek,Fewshot,6,0.12716422379016878,0.7,0.17283577620983123
264,Deepseek,Fewshot,7,0.0,0.1411462426185608,0.8588537573814392
265,Deepseek,Fewshot,6,0.1330996245145798,0.7,0.16690037548542022
266,Deepseek,Fewshot,6,0.030982473492622398,0.23098247349262235,0.7380350530147552
267,Deepseek,Fewshot,6,0.06331614553928377,0.26331614553928373,0.6733677089214325
268,Deepseek,Fewshot,6,0.0,0.11617249250411987,0.8838275074958801
269,Deepseek,Fewshot,7,0.01912629008293154,0.2191262900829315,0.761747419834137
270,Deepseek,Fewshot,7,0.0888680011034012,0.28886800110340116,0.6222639977931976
271,Deepseek,Fewshot,7,0.0,0.15222182869911194,0.8477781713008881
272,Deepseek,Fewshot,7,0.0,0.1613084375858307,0.8386915624141693
273,Deepseek,Fewshot,7,0.0,0.1889846920967102,0.8110153079032898
274,Deepseek,Fewshot,7,0.08776372075080874,0.2877637207508087,0.6244725584983826
275,Deepseek,Fewshot,8,0.14714030325412752,0.7,0.1528596967458725
276,Deepseek,Fewshot,7,0.005134144425392173,0.20513414442539213,0.7897317111492157
277,Deepseek,Fewshot,7,0.0,0.17324909567832947,0.8267509043216705
278,Deepseek,Fewshot,6,0.00983201861381533,0.20983201861381529,0.7803359627723694
279,Deepseek,Fewshot,7,0.11181955933570864,0.4118195593357086,0.4763608813285828
280,Deepseek,Fewshot,6,0.07050220072269442,0.2705022007226944,0.6589955985546112
281,Deepseek,Fewshot,7,0.0,0.11414775252342224,0.8858522474765778
282,Deepseek,Fewshot,6,0.0,0.08939069509506226,0.9106093049049377
283,Deepseek,Fewshot,6,0.14572841823101046,0.7,0.15427158176898956
284,Deepseek,Fewshot,5,0.06933795809745791,0.26933795809745786,0.6613240838050842
285,Deepseek,Fewshot,6,0.10547552406787875,0.4054755240678787,0.4890489518642426
286,Deepseek,Fewshot,7,0.0,0.052884697914123535,0.9471153020858765
287,Deepseek,Fewshot,7,0.0,0.15072566270828247,0.8492743372917175
288,Deepseek,Fewshot,7,0.1257094979286194,0.7,0.1742905020713806
289,Deepseek,Fewshot,7,0.14972945451736452,0.7,0.1502705454826355
290,Deepseek,Fewshot,7,0.0,0.1959209144115448,0.8040790855884552
291,Deepseek,Fewshot,7,0.07044554650783541,0.27044554650783537,0.6591089069843292
292,Deepseek,Fewshot,6,0.014770218729972862,0.21477021872997282,0.7704595625400543
293,Deepseek,Fewshot,6,0.14080081284046175,0.7,0.15919918715953826
294,Deepseek,Fewshot,7,0.14217018485069277,0.7,0.15782981514930725
295,Deepseek,Fewshot,7,0.0,0.16671544313430786,0.8332845568656921
296,Deepseek,Fewshot,6,0.01084517836570742,0.21084517836570738,0.7783096432685852
297,Deepseek,Fewshot,6,0.0,0.18197625875473022,0.8180237412452698
298,Deepseek,Fewshot,7,0.0,0.17350086569786072,0.8264991343021393
299,Deepseek,Fewshot,6,0.0,0.12804973125457764,0.8719502687454224
300,Deepseek,Fewshot,6,0.0,0.02772638201713562,0.9722736179828644
301,Deepseek,Fewshot,6,0.1114420682191849,0.41144206821918483,0.47711586356163027
302,Deepseek,Fewshot,7,0.1110128700733185,0.41101287007331844,0.47797425985336306
303,Deepseek,Fewshot,6,0.026056656241416953,0.2260566562414169,0.7478866875171661
304,Deepseek,Fewshot,6,0.025305071473121665,0.22530507147312162,0.7493898570537567
305,Deepseek,Fewshot,6,0.05469405055046084,0.2546940505504608,0.6906118988990784
306,Deepseek,Fewshot,6,0.0,0.07250005006790161,0.9274999499320984
307,Deepseek,Fewshot,7,0.050858819484710716,0.25085881948471067,0.6982823610305786
308,Deepseek,Fewshot,6,0.0,0.10702186822891235,0.8929781317710876
309,Deepseek,Fewshot,7,0.12222191095352175,0.4222219109535217,0.45555617809295657
310,Deepseek,Fewshot,7,0.0,0.1556975543498993,0.8443024456501007
311,Deepseek,Fewshot,7,0.1440421283245087,0.7,0.15595787167549133
312,Deepseek,Fewshot,7,0.14739895761013033,0.7,0.15260104238986968
313,Deepseek,Fewshot,7,0.13305992782115938,0.7,0.16694007217884063
314,Deepseek,Fewshot,5,0.11771034598350527,0.4177103459835052,0.4645793080329895
315,Deepseek,Fewshot,7,0.07646373808383944,0.2764637380838394,0.6470725238323212
316,Deepseek,Fewshot,6,0.1418716996908188,0.7,0.1581283003091812
317,Deepseek,Fewshot,6,0.0026550233364105447,0.2026550233364105,0.794689953327179
318,Deepseek,Fewshot,6,0.0988424360752106,0.29884243607521055,0.6023151278495789
319,Deepseek,Fewshot,7,0.0,0.18529361486434937,0.8147063851356506
320,Deepseek,Fewshot,9,0.06638034582138064,0.2663803458213806,0.6672393083572388
321,Deepseek,Fewshot,6,0.0,0.09353762865066528,0.9064623713493347
322,Deepseek,Fewshot,6,0.03899490237236025,0.2389949023723602,0.7220101952552795
323,Deepseek,Fewshot,6,0.04843018352985384,0.2484301835298538,0.7031396329402924
324,Deepseek,Fewshot,7,0.1306993752717972,0.7,0.16930062472820281
325,Deepseek,Fewshot,6,0.13668095469474795,0.7,0.16331904530525207
326,Deepseek,Fewshot,6,0.014336699247360252,0.2143366992473602,0.7713266015052795
327,Deepseek,Fewshot,7,0.07707555741071703,0.277075557410717,0.645848885178566
328,Deepseek,Fewshot,6,0.0,0.04666069149971008,0.9533393085002899
329,Deepseek,Fewshot,7,0.027421736717224143,0.2274217367172241,0.7451565265655518
330,Deepseek,Fewshot,6,0.0,0.038494229316711426,0.9615057706832886
331,Deepseek,Fewshot,6,0.13113815486431124,0.7,0.16886184513568878
332,Deepseek,Fewshot,6,0.07148031294345858,0.27148031294345853,0.6570393741130829
333,Deepseek,Fewshot,7,0.01567768454551699,0.21567768454551695,0.7686446309089661
334,Deepseek,Fewshot,6,0.05135341882705691,0.25135341882705686,0.6972931623458862
335,Deepseek,Fewshot,6,0.052779489755630515,0.25277948975563047,0.694441020488739
336,Deepseek,Fewshot,6,0.13502427339553835,0.7,0.16497572660446166
337,Deepseek,Fewshot,6,0.009072268009185813,0.20907226800918577,0.7818554639816284
338,Deepseek,Fewshot,7,0.1182903587818146,0.41829035878181453,0.46341928243637087
339,Deepseek,Fewshot,7,0.02268708646297457,0.22268708646297453,0.7546258270740509
340,Deepseek,Fewshot,7,0.035930418968200706,0.23593041896820066,0.7281391620635986
341,Deepseek,Fewshot,7,0.05522605180740359,0.25522605180740354,0.6895478963851929
342,Deepseek,Fewshot,6,0.0,0.1728031039237976,0.8271968960762024
343,Deepseek,Fewshot,7,0.0,0.10534980893135071,0.8946501910686493
344,Deepseek,Fewshot,6,0.10296467840671542,0.40296467840671535,0.49407064318656924
345,Deepseek,Fewshot,7,0.0,0.1615467369556427,0.8384532630443573
346,Deepseek,Fewshot,6,0.14810323119163515,0.7,0.15189676880836486
347,Deepseek,Fewshot,7,0.0,0.14237961173057556,0.8576203882694244
348,Deepseek,Fewshot,6,0.0009630709886551125,0.20096307098865507,0.7980738580226898
349,Deepseek,Fewshot,7,0.0,0.037290483713150024,0.96270951628685
350,Deepseek,Fewshot,7,0.0948598772287369,0.29485987722873686,0.6102802455425262
351,Deepseek,Fewshot,6,0.11450975537300112,0.41450975537300105,0.4709804892539978
352,Deepseek,Fewshot,6,0.0,0.15802347660064697,0.841976523399353
353,Deepseek,Fewshot,6,0.14694889783859255,0.7,0.15305110216140747
354,Deepseek,Fewshot,6,0.13578818142414095,0.7,0.16421181857585906
355,Deepseek,Fewshot,6,0.018331193923950218,0.21833119392395017,0.7633376121520996
356,Deepseek,Fewshot,7,0.0,0.060862958431243896,0.9391370415687561
357,Deepseek,Fewshot,6,0.13333495855331423,0.7,0.16666504144668579
358,Deepseek,Fewshot,6,0.0,0.08205819129943848,0.9179418087005615
359,Deepseek,Fewshot,7,0.0,0.05908897519111633,0.9409110248088837
360,Deepseek,Fewshot,7,0.08178719282150271,0.28178719282150266,0.6364256143569946
361,Deepseek,Fewshot,6,0.018781358003616355,0.2187813580036163,0.7624372839927673
362,Deepseek,Fewshot,7,0.13730365931987765,0.7,0.16269634068012237
363,Deepseek,Fewshot,6,0.0,0.08139452338218689,0.9186054766178131
364,Deepseek,Fewshot,6,0.0,0.17197346687316895,0.828026533126831
365,Deepseek,Fewshot,7,0.06133175790309908,0.26133175790309904,0.6773364841938019
366,Deepseek,Fewshot,6,0.005884760618209861,0.20588476061820982,0.7882304787635803
367,Deepseek,Fewshot,6,0.0,0.045270949602127075,0.9547290503978729
368,Deepseek,Fewshot,7,0.06778591275215151,0.26778591275215147,0.664428174495697
369,Deepseek,Fewshot,7,0.14145141243934634,0.7,0.15854858756065368
370,Deepseek,Fewshot,7,0.0073886901140213235,0.20738869011402128,0.7852226197719574
371,Deepseek,Fewshot,7,0.12051557898521426,0.4205155789852142,0.45896884202957156
372,Deepseek,Fewshot,6,0.08868274986743929,0.28868274986743925,0.6226345002651215
373,Deepseek,Fewshot,7,0.12021374106407168,0.4202137410640716,0.4595725178718567
374,Deepseek,Fewshot,7,0.12822853922843935,0.7,0.17177146077156066
375,Deepseek,Fewshot,7,0.06265617311000826,0.2626561731100082,0.6746876537799835
376,Deepseek,Fewshot,6,0.1389754503965378,0.7,0.1610245496034622
377,Deepseek,Fewshot,6,0.010026150941848777,0.21002615094184873,0.7799476981163025
378,Deepseek,Fewshot,6,0.05611994266510012,0.2561199426651001,0.6877601146697998
379,Deepseek,Fewshot,6,0.03233439624309542,0.23233439624309538,0.7353312075138092
380,Deepseek,Fewshot,6,0.040268445014953635,0.2402684450149536,0.7194631099700928
381,Deepseek,Fewshot,7,0.14331772327423098,0.7,0.15668227672576904
382,Deepseek,Fewshot,7,0.14597689509391787,0.7,0.15402310490608215
383,Deepseek,Fewshot,5,0.1497316896915436,0.7,0.15026831030845642
384,Deepseek,Fewshot,6,0.13468346893787386,0.7,0.16531653106212615
385,Deepseek,Fewshot,7,0.1455515414476395,0.7,0.15444845855236053
386,Deepseek,Fewshot,6,0.13019967973232272,0.7,0.1698003202676773
387,Deepseek,Fewshot,7,0.06856311261653902,0.268563112616539,0.662873774766922
388,Deepseek,Fewshot,6,0.021816992759704612,0.22181699275970457,0.7563660144805908
389,Deepseek,Fewshot,6,0.0878531724214554,0.28785317242145536,0.6242936551570892
390,Deepseek,Fewshot,7,0.13646555840969088,0.7,0.16353444159030914
391,Deepseek,Fewshot,6,0.0,0.13063791394233704,0.869362086057663
392,Deepseek,Fewshot,7,0.08257662653923037,0.2825766265392303,0.6348467469215393
393,Deepseek,Fewshot,9,0.13325954377651217,0.7,0.16674045622348785
394,Deepseek,Fewshot,7,0.11187332272529604,0.411873322725296,0.476253354549408
395,Deepseek,Fewshot,7,0.10002232491970064,0.4000223249197006,0.4999553501605988
396,Deepseek,Fewshot,7,0.02679933011531832,0.22679933011531828,0.7464013397693634
397,Deepseek,Fewshot,7,0.0,0.14735674858093262,0.8526432514190674
398,Deepseek,Fewshot,7,0.0438015401363373,0.24380154013633726,0.7123969197273254
399,Deepseek,Fewshot,7,0.12577260434627535,0.7,0.17422739565372466
400,Deepseek,Fewshot,5,0.0,0.1231105625629425,0.8768894374370575
401,Deepseek,Fewshot,7,0.0,0.13409891724586487,0.8659010827541351
402,Deepseek,Fewshot,7,0.07054525017738345,0.2705452501773834,0.6589094996452332
403,Deepseek,Fewshot,7,0.1255140393972397,0.7,0.1744859606027603
404,Deepseek,Fewshot,6,0.0,0.11566653847694397,0.884333461523056
405,Deepseek,Fewshot,7,0.0,0.09137803316116333,0.9086219668388367
406,Deepseek,Fewshot,7,0.0,0.046563372015953064,0.9534366279840469
407,Deepseek,Fewshot,6,0.08262974917888644,0.2826297491788864,0.6347405016422272
408,Deepseek,Fewshot,7,0.0,0.1961382031440735,0.8038617968559265
409,Deepseek,Fewshot,6,0.13643554747104647,0.7,0.16356445252895355
410,Deepseek,Fewshot,5,0.06697663068771365,0.2669766306877136,0.6660467386245728
411,Deepseek,Fewshot,6,0.0,0.19609114527702332,0.8039088547229767
412,Deepseek,Fewshot,7,0.14157175421714785,0.7,0.15842824578285217
413,Deepseek,Fewshot,6,0.0848481893539429,0.28484818935394285,0.6303036212921143
414,Deepseek,Fewshot,6,0.0,0.12739497423171997,0.87260502576828
415,Deepseek,Fewshot,7,0.0,0.185365229845047,0.814634770154953
416,Deepseek,Fewshot,6,0.12971267998218539,0.7,0.17028732001781463
417,Deepseek,Fewshot,7,0.024378085136413596,0.22437808513641355,0.7512438297271729
418,Deepseek,Fewshot,6,0.11954694390296938,0.4195469439029693,0.4609061121940613
419,Deepseek,Fewshot,7,0.1255608141422272,0.7,0.17443918585777282
420,Deepseek,Fewshot,6,0.12949533164501192,0.7,0.1705046683549881
421,Deepseek,Fewshot,6,0.14713419377803805,0.7,0.15286580622196197
422,Deepseek,Fewshot,6,0.0,0.12015983462333679,0.8798401653766632
423,Deepseek,Fewshot,6,0.06258452832698824,0.2625845283269882,0.6748309433460236
424,Deepseek,Fewshot,8,0.14699181318283083,0.7,0.15300818681716918
425,Deepseek,Fewshot,7,0.10774585008621218,0.4077458500862121,0.4845082998275757
426,Deepseek,Fewshot,7,0.0,0.16039195656776428,0.8396080434322357
427,Deepseek,Fewshot,6,0.10293116569519045,0.4029311656951904,0.49413766860961916
428,Deepseek,Fewshot,7,0.04180710911750796,0.2418071091175079,0.7163857817649841
429,Deepseek,Fewshot,7,0.12142659127712252,0.42142659127712245,0.457146817445755
430,Deepseek,Fewshot,7,0.14436427652835848,0.7,0.15563572347164153
431,Deepseek,Fewshot,6,0.08678092956542971,0.28678092956542967,0.6264381408691406
432,Deepseek,Fewshot,6,0.08342171609401705,0.283421716094017,0.6331565678119659
433,Deepseek,Fewshot,6,0.11511812508106234,0.4151181250810623,0.4697637498378754
434,Deepseek,Fewshot,6,0.02254762649536135,0.2225476264953613,0.7549047470092773
435,Deepseek,Fewshot,6,0.014215776324272178,0.21421577632427213,0.7715684473514557
436,Deepseek,Fewshot,10,0.14518176913261416,0.7,0.15481823086738586
437,Deepseek,Fewshot,5,0.11541720628738406,0.415417206287384,0.46916558742523196
438,Deepseek,Fewshot,6,0.10233041048049929,0.4023304104804992,0.4953391790390015
439,Deepseek,Fewshot,7,0.12869664430618288,0.7,0.17130335569381713
440,Deepseek,Fewshot,7,0.037036487460136436,0.2370364874601364,0.7259270250797272
441,Deepseek,Fewshot,6,0.02644024193286898,0.22644024193286894,0.7471195161342621
442,Deepseek,Fewshot,7,0.007505738735198997,0.20750573873519895,0.784988522529602
443,Deepseek,Fewshot,7,0.022142776846885703,0.22214277684688566,0.7557144463062286
444,Deepseek,Fewshot,9,0.0,0.13552242517471313,0.8644775748252869
445,Deepseek,Fewshot,7,0.0,0.1136711835861206,0.8863288164138794
446,Deepseek,Fewshot,7,0.06022892296314242,0.2602289229631424,0.6795421540737152
447,Deepseek,Fewshot,7,0.0,0.07509312033653259,0.9249068796634674
448,Deepseek,Fewshot,6,0.0,0.14279401302337646,0.8572059869766235
449,Deepseek,Fewshot,6,0.027264469861984275,0.22726446986198423,0.7454710602760315
450,Deepseek,Fewshot,7,0.07503090202808382,0.2750309020280838,0.6499381959438324
451,Deepseek,Fewshot,7,0.13291645944118502,0.7,0.167083540558815
452,Deepseek,Fewshot,7,0.14570707976818087,0.7,0.15429292023181915
453,Deepseek,Fewshot,6,0.14671104550361636,0.7,0.15328895449638366
454,Deepseek,Fewshot,7,0.10454505085945132,0.40454505085945125,0.49090989828109743
455,Deepseek,Fewshot,7,0.08704362213611605,0.287043622136116,0.6259127557277679
456,Deepseek,Fewshot,6,0.0,0.10240018367767334,0.8975998163223267
457,Deepseek,Fewshot,7,0.06477568447589876,0.2647756844758987,0.6704486310482025
458,Deepseek,Fewshot,6,0.0,0.05836191773414612,0.9416380822658539
459,Deepseek,Fewshot,7,0.0,0.11453694105148315,0.8854630589485168
460,Deepseek,Fewshot,5,0.10676772296428683,0.40676772296428676,0.4864645540714264
461,Deepseek,Fewshot,6,0.13804450035095217,0.7,0.16195549964904785
462,Deepseek,Fewshot,7,0.0,0.13860714435577393,0.8613928556442261
463,Deepseek,Fewshot,6,0.10083045959472658,0.4008304595947265,0.4983390808105469
464,Deepseek,Fewshot,6,0.11013793349266054,0.4101379334926605,0.479724133014679
465,Deepseek,Fewshot,7,0.006580317020416282,0.20658031702041624,0.7868393659591675
466,Deepseek,Fewshot,6,0.11853907406330111,0.41853907406330104,0.46292185187339785
467,Deepseek,Fewshot,6,0.041034319996833823,0.24103431999683378,0.7179313600063324
468,Deepseek,Fewshot,6,0.0,0.1640089452266693,0.8359910547733307
469,Deepseek,Fewshot,6,0.0,0.12648999691009521,0.8735100030899048
470,Deepseek,Fewshot,6,0.1376547157764435,0.7,0.1623452842235565
471,Deepseek,Fewshot,7,0.0,0.17294785380363464,0.8270521461963654
472,Deepseek,Fewshot,6,0.1312317192554474,0.7,0.1687682807445526
473,Deepseek,Fewshot,7,0.09695883989334109,0.29695883989334104,0.6060823202133179
474,Deepseek,Fewshot,7,0.014192485809326194,0.21419248580932615,0.7716150283813477
475,Deepseek,Fewshot,6,0.13169982433319094,0.7,0.16830017566680908
476,Deepseek,Fewshot,7,0.11892538666725161,0.41892538666725154,0.46214922666549685
477,Deepseek,Fewshot,6,0.006153264641761802,0.20615326464176176,0.7876934707164764
478,Deepseek,Fewshot,7,0.13157416284084322,0.7,0.1684258371591568
479,Deepseek,Fewshot,6,0.1400055378675461,0.7,0.1599944621324539
480,Deepseek,Fewshot,7,0.037848526239395164,0.23784852623939512,0.7243029475212097
481,Deepseek,Fewshot,6,0.0,0.0833686888217926,0.9166313111782074
482,Deepseek,Fewshot,7,0.06909848153591158,0.26909848153591154,0.6618030369281769
483,Deepseek,Fewshot,6,0.01627696454524996,0.21627696454524992,0.7674460709095001
484,Deepseek,Fewshot,6,0.0,0.17272362112998962,0.8272763788700104
485,Deepseek,Fewshot,7,0.06374099254608157,0.2637409925460815,0.6725180149078369
486,Deepseek,Fewshot,7,0.1268546372652054,0.7,0.1731453627347946
487,Deepseek,Fewshot,7,0.015760117769241355,0.2157601177692413,0.7684797644615173
488,Deepseek,Fewshot,7,0.09640605151653292,0.2964060515165329,0.6071878969669342
489,Deepseek,Fewshot,5,0.08913772702217104,0.289137727022171,0.621724545955658
490,Deepseek,Fewshot,6,0.12258904576301577,0.4225890457630157,0.45482190847396853
491,Deepseek,Fewshot,6,0.09713544845581057,0.2971354484558105,0.6057291030883789
492,Deepseek,Fewshot,7,0.11741491556167605,0.417414915561676,0.46517016887664797
493,Deepseek,Fewshot,7,0.053735831379890464,0.2537358313798904,0.6925283372402191
494,Deepseek,Fewshot,7,0.0,0.19480645656585693,0.8051935434341431
495,Deepseek,Fewshot,6,0.14476125836372378,0.7,0.15523874163627624
496,Deepseek,Fewshot,6,0.14122299253940584,0.7,0.15877700746059417
