chain_id,model,method,num_emails,sentiment_neg,sentiment_neu,sentiment_pos
0,Mistral,Bare Llama3B,3,0.0,0.07984614372253418,0.9201538562774658
1,Mistral,Bare Llama3B,5,0.0060525625944137795,0.20605256259441374,0.7878948748111725
2,Mistral,Bare Llama3B,2,0.09655308127403261,0.29655308127403257,0.6068938374519348
3,Mistral,Bare Llama3B,4,0.0,0.06972357630729675,0.9302764236927032
4,Mistral,Bare Llama3B,6,0.0,0.047484636306762695,0.9525153636932373
5,Mistral,Bare Llama3B,5,0.15070808827877047,0.7,0.14929191172122955
6,Mistral,Bare Llama3B,5,0.0,0.02805119752883911,0.9719488024711609
7,Mistral,Bare Llama3B,4,0.1428269684314728,0.7,0.15717303156852722
8,Mistral,Bare Llama3B,4,0.0,0.13708484172821045,0.8629151582717896
9,Mistral,Bare Llama3B,3,0.13614995181560519,0.7,0.16385004818439483
10,Mistral,Bare Llama3B,5,0.15134117342531683,0.7,0.14865882657468318
11,Mistral,Bare Llama3B,2,0.15067934393882754,0.7,0.14932065606117248
12,Mistral,Bare Llama3B,2,0.9892302481457591,0.010769751854240894,0.0
13,Mistral,Bare Llama3B,8,0.008367636799812339,0.2083676367998123,0.7832647264003754
14,Mistral,Bare Llama3B,7,0.0,0.03178486227989197,0.968215137720108
15,Mistral,Bare Llama3B,3,0.019406297802925132,0.2194062978029251,0.7611874043941498
16,Mistral,Bare Llama3B,5,0.15118526816368105,0.7,0.14881473183631896
17,Mistral,Bare Llama3B,4,0.02676706910133364,0.2267670691013336,0.7464658617973328
18,Mistral,Bare Llama3B,2,0.0,0.06005263328552246,0.9399473667144775
19,Mistral,Bare Llama3B,4,0.05145555138587954,0.2514555513858795,0.697088897228241
20,Mistral,Bare Llama3B,5,0.09758851826190951,0.29758851826190946,0.604822963476181
21,Mistral,Bare Llama3B,6,0.1372429817914963,0.7,0.16275701820850372
22,Mistral,Bare Llama3B,3,0.0,0.19973471760749817,0.8002652823925018
23,Mistral,Bare Llama3B,3,0.12974215447902682,0.7,0.1702578455209732
24,Mistral,Bare Llama3B,16,0.7302700579166412,0.23486497104167936,0.03486497104167938
25,Mistral,Bare Llama3B,5,0.0729712635278702,0.27297126352787016,0.6540574729442596
26,Mistral,Bare Llama3B,2,0.0,0.030913859605789185,0.9690861403942108
27,Mistral,Bare Llama3B,5,0.10808430016040804,0.408084300160408,0.483831399679184
28,Mistral,Bare Llama3B,5,0.9941436701919883,0.005856329808011651,0.0
29,Mistral,Bare Llama3B,6,0.0,0.07567742466926575,0.9243225753307343
30,Mistral,Bare Llama3B,3,0.13514506220817568,0.7,0.16485493779182434
31,Mistral,Bare Llama3B,2,0.09566386938095095,0.2956638693809509,0.6086722612380981
32,Mistral,Bare Llama3B,2,0.0,0.11540958285331726,0.8845904171466827
33,Mistral,Bare Llama3B,8,0.039610335230827354,0.2396103352308273,0.7207793295383453
34,Mistral,Bare Llama3B,2,0.15826270878314974,0.7,0.14173729121685028
35,Mistral,Bare Llama3B,8,0.13390117287635805,0.7,0.16609882712364196
36,Mistral,Bare Llama3B,2,0.0,0.0017532110214233398,0.9982467889785767
37,Mistral,Bare Llama3B,5,0.08854241073131563,0.2885424107313156,0.6229151785373688
38,Mistral,Bare Llama3B,2,0.04956319332122805,0.249563193321228,0.700873613357544
39,Mistral,Bare Llama3B,4,0.0,0.105410635471344,0.894589364528656
40,Mistral,Bare Llama3B,5,0.07098594456911089,0.27098594456911085,0.6580281108617783
41,Mistral,Bare Llama3B,4,0.0,0.0826675295829773,0.9173324704170227
42,Mistral,Bare Llama3B,3,0.0,0.14566156268119812,0.8543384373188019
43,Mistral,Bare Llama3B,4,0.0,0.11904537677764893,0.8809546232223511
44,Mistral,Bare Llama3B,5,0.9945162322837859,0.005483767716214061,0.0
45,Mistral,Bare Llama3B,7,0.6988534792326391,0.25057326038368044,0.05057326038368046
46,Mistral,Bare Llama3B,4,0.0,0.07506275177001953,0.9249372482299805
47,Mistral,Bare Llama3B,6,0.0,0.17149114608764648,0.8285088539123535
48,Mistral,Bare Llama3B,3,0.1271053493022919,0.7,0.17289465069770812
49,Mistral,Bare Llama3B,7,0.06028736531734469,0.26028736531734464,0.6794252693653107
50,Mistral,Bare Llama3B,3,0.056778141856193565,0.2567781418561935,0.6864437162876129
51,Mistral,Bare Llama3B,4,0.019702652096748374,0.21970265209674833,0.7605946958065033
52,Mistral,Bare Llama3B,4,0.0,0.05339878797531128,0.9466012120246887
53,Mistral,Bare Llama3B,3,0.9990539096179418,0.0009460903820581734,0.0
54,Mistral,Bare Llama3B,4,0.0,0.15974438190460205,0.840255618095398
55,Mistral,Bare Llama3B,3,0.0,0.011087089776992798,0.9889129102230072
56,Mistral,Bare Llama3B,2,0.0,0.19545987248420715,0.8045401275157928
57,Mistral,Bare Llama3B,3,0.06397489607334139,0.26397489607334135,0.6720502078533173
58,Mistral,Bare Llama3B,5,0.012357184290885947,0.2123571842908859,0.7752856314182281
59,Mistral,Bare Llama3B,4,0.0747316122055054,0.27473161220550535,0.6505367755889893
60,Mistral,Bare Llama3B,2,0.14371546506881716,0.7,0.15628453493118286
61,Mistral,Bare Llama3B,7,0.0,0.010893106460571289,0.9891068935394287
62,Mistral,Bare Llama3B,4,0.03396330177783968,0.23396330177783964,0.7320733964443207
63,Mistral,Bare Llama3B,6,0.1109467536211014,0.41094675362110133,0.47810649275779726
64,Mistral,Bare Llama3B,2,0.0,0.1991277039051056,0.8008722960948944
65,Mistral,Bare Llama3B,2,0.9933236055076122,0.006676394492387772,0.0
66,Mistral,Bare Llama3B,3,0.11885997056961062,0.41885997056961055,0.46228005886077883
67,Mistral,Bare Llama3B,5,0.0,0.011505618691444397,0.9884943813085556
68,Mistral,Bare Llama3B,8,0.12849954664707186,0.7,0.17150045335292816
69,Mistral,Bare Llama3B,3,0.9969834499061108,0.0030165500938892365,0.0
70,Mistral,Bare Llama3B,4,0.12974126040935519,0.7,0.17025873959064483
71,Mistral,Bare Llama3B,5,0.0,0.1315828263759613,0.8684171736240387
72,Mistral,Bare Llama3B,3,0.0,0.023031800985336304,0.9769681990146637
73,Mistral,Bare Llama3B,5,0.97917774412781,0.02082225587219,0.0
74,Mistral,Bare Llama3B,4,0.0,0.010477453470230103,0.9895225465297699
75,Mistral,Bare Llama3B,3,0.022490525245666526,0.22249052524566648,0.755018949508667
76,Mistral,Bare Llama3B,5,0.11892506629228594,0.4189250662922859,0.4621498674154282
77,Mistral,Bare Llama3B,5,0.0,0.1395130753517151,0.8604869246482849
78,Mistral,Bare Llama3B,4,0.0,0.12230446934700012,0.8776955306529999
79,Mistral,Bare Llama3B,2,0.10248429477214815,0.4024842947721481,0.49503141045570376
80,Mistral,Bare Llama3B,5,0.04077481627464297,0.24077481627464292,0.7184503674507141
81,Mistral,Bare Llama3B,2,0.11506546437740328,0.4150654643774032,0.4698690712451935
82,Mistral,Bare Llama3B,2,0.0,0.041159480810165405,0.9588405191898346
83,Mistral,Bare Llama3B,2,0.0,0.07583343982696533,0.9241665601730347
84,Mistral,Bare Llama3B,6,0.1349662706255913,0.7,0.16503372937440872
85,Mistral,Bare Llama3B,4,0.0,0.026153504848480225,0.9738464951515198
86,Mistral,Bare Llama3B,5,0.13588840663433077,0.7,0.16411159336566924
87,Mistral,Bare Llama3B,3,0.0,0.03946855664253235,0.9605314433574677
88,Mistral,Bare Llama3B,3,0.043473759293556236,0.2434737592935562,0.7130524814128876
89,Mistral,Bare Llama3B,3,0.0,0.048565059900283813,0.9514349400997162
90,Mistral,Bare Llama3B,3,0.0,0.038937389850616455,0.9610626101493835
91,Mistral,Bare Llama3B,4,0.995095452060923,0.00490454793907702,0.0
92,Mistral,Bare Llama3B,3,0.9883731580339372,0.011626841966062784,0.0
93,Mistral,Bare Llama3B,4,0.10238713920116427,0.4023871392011642,0.49522572159767153
94,Mistral,Bare Llama3B,5,0.05568702097516509,0.25568702097516505,0.6886259580496699
95,Mistral,Bare Llama3B,2,0.0,0.05229794979095459,0.9477020502090454
96,Mistral,Bare Llama3B,3,0.0,0.024228334426879883,0.9757716655731201
97,Mistral,Bare Llama3B,4,0.9915677737444639,0.00843222625553608,0.0
98,Mistral,Bare Llama3B,3,0.020933309197425864,0.22093330919742582,0.7581333816051483
99,Mistral,Bare Llama3B,3,0.0,0.11229807138442993,0.8877019286155701
100,Mistral,Bare Llama3B,4,0.10434224605560305,0.404342246055603,0.49131550788879397
101,Mistral,Bare Llama3B,2,0.03623428344726565,0.2362342834472656,0.7275314331054688
102,Mistral,Bare Llama3B,5,0.0733869016170502,0.27338690161705015,0.6532261967658997
103,Mistral,Bare Llama3B,5,0.0,0.061676084995269775,0.9383239150047302
104,Mistral,Bare Llama3B,7,0.14018126726150515,0.7,0.15981873273849487
105,Mistral,Bare Llama3B,7,0.9996562846936285,0.0003437153063714504,0.0
106,Mistral,Bare Llama3B,2,0.0050857901573181374,0.2050857901573181,0.7898284196853638
107,Mistral,Bare Llama3B,3,0.0,0.0030398964881896973,0.9969601035118103
108,Mistral,Bare Llama3B,4,0.0,0.07660433650016785,0.9233956634998322
109,Mistral,Bare Llama3B,2,0.17106767431832848,0.7144661628408358,0.11446616284083574
110,Mistral,Bare Llama3B,5,0.991891284706071,0.00810871529392898,0.0
111,Mistral,Bare Llama3B,3,0.16827872991561887,0.7158606350421906,0.11586063504219055
112,Mistral,Bare Llama3B,3,0.0,0.01803123950958252,0.9819687604904175
113,Mistral,Bare Llama3B,3,0.0,0.007841438055038452,0.9921585619449615
114,Mistral,Bare Llama3B,4,0.08045240640640261,0.28045240640640257,0.6390951871871948
115,Mistral,Bare Llama3B,3,0.058860847353935264,0.2588608473539352,0.6822783052921295
116,Mistral,Bare Llama3B,2,0.0,0.10976558923721313,0.8902344107627869
117,Mistral,Bare Llama3B,7,0.10615220069885256,0.4061522006988525,0.48769559860229494
118,Mistral,Bare Llama3B,2,0.0,0.030879050493240356,0.9691209495067596
119,Mistral,Bare Llama3B,4,0.13256525397300722,0.7,0.1674347460269928
120,Mistral,Bare Llama3B,3,0.9839162724092603,0.016083727590739727,0.0
121,Mistral,Bare Llama3B,8,0.08320775032043459,0.28320775032043455,0.6335844993591309
122,Mistral,Bare Llama3B,3,0.014784985780715965,0.21478498578071592,0.7704300284385681
123,Mistral,Bare Llama3B,4,0.0009984165430069192,0.20099841654300687,0.7980031669139862
124,Mistral,Bare Llama3B,6,0.1356880605220795,0.7,0.16431193947792053
125,Mistral,Bare Llama3B,6,0.023769864439964317,0.22376986443996427,0.7524602711200714
126,Mistral,Bare Llama3B,2,0.15822408206295224,0.7,0.14177591793704777
127,Mistral,Bare Llama3B,4,0.06772912442684176,0.2677291244268417,0.6645417511463165
128,Mistral,Bare Llama3B,2,0.13515233397483828,0.7,0.16484766602516174
129,Mistral,Bare Llama3B,5,0.0,0.10680076479911804,0.893199235200882
130,Mistral,Bare Llama3B,4,0.0,0.03470689058303833,0.9652931094169617
131,Mistral,Bare Llama3B,4,0.13835562169551852,0.7,0.1616443783044815
132,Mistral,Bare Llama3B,5,0.1368523329496384,0.7,0.16314766705036163
133,Mistral,Bare Llama3B,9,0.1511788544245064,0.7244105727877468,0.12441057278774678
134,Mistral,Bare Llama3B,2,0.005036497116088889,0.20503649711608884,0.7899270057678223
135,Mistral,Bare Llama3B,2,0.0,0.06750905513763428,0.9324909448623657
136,Mistral,Bare Llama3B,9,0.15151216983795168,0.7,0.14848783016204833
137,Mistral,Bare Llama3B,4,0.028643482923507713,0.22864348292350767,0.7427130341529846
138,Mistral,Bare Llama3B,6,0.1211427837610245,0.42114278376102443,0.45771443247795107
139,Mistral,Bare Llama3B,4,0.06920034587383272,0.2692003458738327,0.6615993082523346
140,Mistral,Bare Llama3B,2,0.14377393722534182,0.7,0.1562260627746582
141,Mistral,Bare Llama3B,3,0.0,0.055851906538009644,0.9441480934619904
142,Mistral,Bare Llama3B,3,0.09603724777698519,0.29603724777698515,0.6079255044460297
143,Mistral,Bare Llama3B,5,0.007274226844310783,0.20727422684431074,0.7854515463113785
144,Mistral,Bare Llama3B,2,0.1376283258199692,0.7,0.16237167418003082
145,Mistral,Bare Llama3B,6,0.9778119819238782,0.022188018076121807,0.0
146,Mistral,Bare Llama3B,4,0.1306579947471619,0.7,0.16934200525283813
147,Mistral,Bare Llama3B,3,0.028920704126358054,0.228920704126358,0.7421585917472839
148,Mistral,Bare Llama3B,6,0.14317179620265963,0.7,0.1568282037973404
149,Mistral,Bare Llama3B,11,0.0,0.1744733452796936,0.8255266547203064
150,Mistral,Bare Llama3B,4,0.0,0.13756293058395386,0.8624370694160461
151,Mistral,Bare Llama3B,6,0.1525117248296738,0.7,0.14748827517032623
152,Mistral,Bare Llama3B,2,0.0,0.009188234806060791,0.9908117651939392
153,Mistral,Bare Llama3B,3,0.13955377936363222,0.7,0.1604462206363678
154,Mistral,Bare Llama3B,4,0.0,0.05570876598358154,0.9442912340164185
155,Mistral,Bare Llama3B,6,0.09769878685474398,0.29769878685474394,0.6046024262905121
156,Mistral,Bare Llama3B,3,0.0,0.12980535626411438,0.8701946437358856
157,Mistral,Bare Llama3B,4,0.9986954675987363,0.0013045324012637138,0.0
158,Mistral,Bare Llama3B,5,0.0,0.002126157283782959,0.997873842716217
159,Mistral,Bare Llama3B,3,0.0,0.17218750715255737,0.8278124928474426
160,Mistral,Bare Llama3B,3,0.0,0.11224186420440674,0.8877581357955933
161,Mistral,Bare Llama3B,3,0.0,0.19875678420066833,0.8012432157993317
162,Mistral,Bare Llama3B,3,0.049576574563980125,0.24957657456398008,0.7008468508720398
163,Mistral,Bare Llama3B,5,0.0,0.012848705053329468,0.9871512949466705
164,Mistral,Bare Llama3B,7,0.9973105706740171,0.0026894293259829283,0.0
165,Mistral,Bare Llama3B,12,0.0,0.15008649230003357,0.8499135076999664
166,Mistral,Bare Llama3B,6,0.07207936942577364,0.2720793694257736,0.6558412611484528
167,Mistral,Bare Llama3B,5,0.1389561086893082,0.7,0.16104389131069183
168,Mistral,Bare Llama3B,2,0.0,0.02702230215072632,0.9729776978492737
169,Mistral,Bare Llama3B,3,0.14432922899723055,0.7,0.15567077100276946
170,Mistral,Bare Llama3B,3,0.0,0.08448055386543274,0.9155194461345673
171,Mistral,Bare Llama3B,5,0.9973950909916312,0.0026049090083688498,0.0
172,Mistral,Bare Llama3B,4,0.038827964663505576,0.23882796466350553,0.7223440706729889
173,Mistral,Bare Llama3B,2,0.0,0.1618030071258545,0.8381969928741455
174,Mistral,Bare Llama3B,8,0.10069839060306551,0.40069839060306545,0.49860321879386904
175,Mistral,Bare Llama3B,2,0.14521973729133608,0.7,0.15478026270866393
176,Mistral,Bare Llama3B,5,0.0,0.08138644695281982,0.9186135530471802
177,Mistral,Bare Llama3B,2,0.11545122563838961,0.41545122563838954,0.46909754872322085
178,Mistral,Bare Llama3B,5,0.025474289059639,0.22547428905963895,0.749051421880722
179,Mistral,Bare Llama3B,4,0.06337177157402041,0.26337177157402036,0.6732564568519592
180,Mistral,Bare Llama3B,8,0.14960297346115115,0.7,0.15039702653884887
181,Mistral,Bare Llama3B,2,0.0,0.00669330358505249,0.9933066964149475
182,Mistral,Bare Llama3B,4,0.1110077887773514,0.41100778877735133,0.47798442244529726
183,Mistral,Bare Llama3B,5,0.0,0.14279092848300934,0.8572090715169907
184,Mistral,Bare Llama3B,3,0.0,0.10810467600822449,0.8918953239917755
185,Mistral,Bare Llama3B,6,0.0,0.17806106805801392,0.8219389319419861
186,Mistral,Bare Llama3B,6,0.05473619103431704,0.254736191034317,0.690527617931366
187,Mistral,Bare Llama3B,7,0.1336729317903519,0.7,0.16632706820964813
188,Mistral,Bare Llama3B,5,0.0,0.17635217308998108,0.8236478269100189
189,Mistral,Bare Llama3B,8,0.7434749242383987,0.22826253788080064,0.02826253788080066
190,Mistral,Bare Llama3B,5,0.985628018155694,0.014371981844305992,0.0
191,Mistral,Bare Llama3B,7,0.1510306388139725,0.7,0.14896936118602752
192,Mistral,Bare Llama3B,3,0.9977536877850071,0.0022463122149929404,0.0
193,Mistral,Bare Llama3B,4,0.7680404130369425,0.21597979348152874,0.015979793481528753
194,Mistral,Bare Llama3B,4,0.0,0.10609602928161621,0.8939039707183838
195,Mistral,Bare Llama3B,2,0.0,0.003904014825820923,0.9960959851741791
196,Mistral,Bare Llama3B,2,0.04304347336292269,0.24304347336292265,0.7139130532741547
197,Mistral,Bare Llama3B,5,0.0,0.19503331184387207,0.8049666881561279
198,Mistral,Bare Llama3B,6,0.06719634830951693,0.2671963483095169,0.6656073033809662
199,Mistral,Bare Llama3B,5,0.09355592131614687,0.29355592131614683,0.6128881573677063
200,Mistral,Bare Llama3B,9,0.0,0.08661520481109619,0.9133847951889038
201,Mistral,Bare Llama3B,4,0.07133633792400362,0.2713363379240036,0.6573273241519928
202,Mistral,Bare Llama3B,5,0.13566995561122897,0.7,0.16433004438877105
203,Mistral,Bare Llama3B,3,0.1311278283596039,0.7,0.1688721716403961
204,Mistral,Bare Llama3B,5,0.0,0.004058510065078735,0.9959414899349213
205,Mistral,Bare Llama3B,5,0.0,0.013988018035888672,0.9860119819641113
206,Mistral,Bare Llama3B,5,0.09433788955211642,0.29433788955211637,0.6113242208957672
207,Mistral,Bare Llama3B,8,0.0,0.037826716899871826,0.9621732831001282
208,Mistral,Bare Llama3B,3,0.0,0.007006257772445679,0.9929937422275543
209,Mistral,Bare Llama3B,11,0.0,0.07483503222465515,0.9251649677753448
210,Mistral,Bare Llama3B,5,0.0,0.01177111268043518,0.9882288873195648
211,Mistral,Bare Llama3B,5,0.0,0.006566256284713745,0.9934337437152863
212,Mistral,Bare Llama3B,6,0.14438495934009554,0.7,0.15561504065990447
213,Mistral,Bare Llama3B,9,0.0324623227119446,0.23246232271194456,0.7350753545761108
214,Mistral,Bare Llama3B,9,0.15329895317554476,0.7,0.14670104682445526
215,Mistral,Bare Llama3B,7,0.0,0.11971360445022583,0.8802863955497742
216,Mistral,Bare Llama3B,10,0.023485371470451377,0.22348537147045133,0.7530292570590973
217,Mistral,Bare Llama3B,4,0.036418268084526084,0.23641826808452604,0.7271634638309479
218,Mistral,Bare Llama3B,7,0.0,0.03782472014427185,0.9621752798557281
219,Mistral,Bare Llama3B,3,0.0,0.14449921250343323,0.8555007874965668
220,Mistral,Bare Llama3B,4,0.13178426921367647,0.7,0.16821573078632354
221,Mistral,Bare Llama3B,3,0.0,0.03834870457649231,0.9616512954235077
222,Mistral,Bare Llama3B,7,0.0,0.18138641119003296,0.818613588809967
223,Mistral,Bare Llama3B,5,0.0,0.004698991775512695,0.9953010082244873
224,Mistral,Bare Llama3B,4,0.0016110628843307717,0.20161106288433073,0.7967778742313385
225,Mistral,Bare Llama3B,5,0.0,0.005386084318161011,0.994613915681839
226,Mistral,Bare Llama3B,4,0.005925008654594444,0.2059250086545944,0.7881499826908112
227,Mistral,Bare Llama3B,7,0.0,0.16797395050525665,0.8320260494947433
228,Mistral,Bare Llama3B,7,0.06570006310939791,0.26570006310939787,0.6685998737812042
229,Mistral,Bare Llama3B,3,0.8141607190482318,0.18583928095176816,0.0
230,Mistral,Bare Llama3B,5,0.029990711808204673,0.22999071180820463,0.7400185763835907
231,Mistral,Bare Llama3B,5,0.1493603974580765,0.7,0.15063960254192352
232,Mistral,Bare Llama3B,3,0.03683426380157473,0.23683426380157468,0.7263314723968506
233,Mistral,Bare Llama3B,5,0.12293475270271303,0.42293475270271297,0.454130494594574
234,Mistral,Bare Llama3B,2,0.0,0.02153569459915161,0.9784643054008484
235,Mistral,Bare Llama3B,6,0.9942903318442404,0.005709668155759573,0.0
236,Mistral,Bare Llama3B,6,0.9794245245866477,0.02057547541335225,0.0
237,Mistral,Bare Llama3B,10,0.1482397556304932,0.7,0.15176024436950683
238,Mistral,Bare Llama3B,4,0.0,0.006730824708938599,0.9932691752910614
239,Mistral,Bare Llama3B,4,0.11667754650115969,0.4166775465011596,0.4666449069976807
240,Mistral,Bare Llama3B,3,0.04532575011253359,0.24532575011253355,0.7093484997749329
241,Mistral,Bare Llama3B,5,0.05239149332046511,0.25239149332046507,0.6952170133590698
242,Mistral,Bare Llama3B,4,0.006121122837066673,0.20612112283706663,0.7877577543258667
243,Mistral,Bare Llama3B,4,0.0,0.12144240736961365,0.8785575926303864
244,Mistral,Bare Llama3B,2,0.0,0.00716400146484375,0.9928359985351562
245,Mistral,Bare Llama3B,4,0.0,0.10266456007957458,0.8973354399204254
246,Mistral,Bare Llama3B,3,0.0,0.10156208276748657,0.8984379172325134
247,Mistral,Bare Llama3B,2,0.01924363672733309,0.21924363672733305,0.7615127265453339
248,Mistral,Bare Llama3B,4,0.10398132503032687,0.4039813250303268,0.49203734993934634
249,Mistral,Bare Llama3B,5,0.10129024982452395,0.4012902498245239,0.49741950035095217
250,Mistral,Bare Llama3B,4,0.0,0.01873636245727539,0.9812636375427246
251,Mistral,Bare Llama3B,6,0.14098439514636996,0.7,0.15901560485363006
252,Mistral,Bare Llama3B,4,0.11285490691661837,0.4128549069166183,0.47429018616676333
253,Mistral,Bare Llama3B,2,0.0,0.011007130146026611,0.9889928698539734
254,Mistral,Bare Llama3B,5,0.1462984919548035,0.7,0.15370150804519653
255,Mistral,Bare Llama3B,7,0.15096172094345095,0.7,0.14903827905654907
256,Mistral,Bare Llama3B,7,0.0,0.08738553524017334,0.9126144647598267
257,Mistral,Bare Llama3B,7,0.8933172636898234,0.10668273631017655,0.0
258,Mistral,Bare Llama3B,2,0.05593920648097994,0.2559392064809799,0.6881215870380402
259,Mistral,Bare Llama3B,5,0.1510737478733063,0.7,0.14892625212669372
260,Mistral,Bare Llama3B,4,0.09888056814670565,0.2988805681467056,0.6022388637065887
261,Mistral,Bare Llama3B,4,0.12929006814956667,0.7,0.17070993185043334
262,Mistral,Bare Llama3B,4,0.027958744764328025,0.22795874476432798,0.744082510471344
263,Mistral,Bare Llama3B,3,0.9971329026157036,0.0028670973842963576,0.0
264,Mistral,Bare Llama3B,5,0.12189673781394961,0.42189673781394954,0.45620652437210085
265,Mistral,Bare Llama3B,7,0.0535928398370743,0.25359283983707426,0.6928143203258514
266,Mistral,Bare Llama3B,4,0.7745594885200262,0.21272025573998687,0.012720255739986891
267,Mistral,Bare Llama3B,9,0.0,0.1619599163532257,0.8380400836467743
268,Mistral,Bare Llama3B,5,0.0,0.19999516010284424,0.8000048398971558
269,Mistral,Bare Llama3B,6,0.07629761993885043,0.2762976199388504,0.6474047601222992
270,Mistral,Bare Llama3B,8,0.14794780462980273,0.7,0.1520521953701973
271,Mistral,Bare Llama3B,4,0.05721194446086886,0.2572119444608688,0.6855761110782623
272,Mistral,Bare Llama3B,4,0.0,0.07054492831230164,0.9294550716876984
273,Mistral,Bare Llama3B,4,0.7942644208669662,0.20286778956651685,0.0028677895665168707
274,Mistral,Bare Llama3B,3,0.13760609328746798,0.7,0.16239390671253204
275,Mistral,Bare Llama3B,3,0.0,0.1551552414894104,0.8448447585105896
276,Mistral,Bare Llama3B,3,0.0,0.06451129913330078,0.9354887008666992
277,Mistral,Bare Llama3B,3,0.0,0.03341558575630188,0.9665844142436981
278,Mistral,Bare Llama3B,4,0.0,0.11181026697158813,0.8881897330284119
279,Mistral,Bare Llama3B,3,0.09087547063827517,0.2908754706382751,0.6182490587234497
280,Mistral,Bare Llama3B,5,0.0,0.05101528763771057,0.9489847123622894
281,Mistral,Bare Llama3B,4,0.13486755788326266,0.7,0.16513244211673736
282,Mistral,Bare Llama3B,14,0.0,0.006404995918273926,0.9935950040817261
283,Mistral,Bare Llama3B,5,0.9924229846801609,0.00757701531983912,0.0
284,Mistral,Bare Llama3B,6,0.11763344109058382,0.41763344109058376,0.4647331178188324
285,Mistral,Bare Llama3B,9,0.06710443794727328,0.26710443794727323,0.6657911241054535
286,Mistral,Bare Llama3B,6,0.0875710040330887,0.28757100403308866,0.6248579919338226
287,Mistral,Bare Llama3B,5,0.9794573007384315,0.020542699261568487,0.0
288,Mistral,Bare Llama3B,7,0.9568551192060113,0.043144880793988705,0.0
289,Mistral,Bare Llama3B,6,0.14651218950748446,0.7,0.15348781049251556
290,Mistral,Bare Llama3B,5,0.9954347717575729,0.004565228242427111,0.0
291,Mistral,Bare Llama3B,6,0.14475625157356264,0.7,0.15524374842643737
292,Mistral,Bare Llama3B,6,0.0,0.1642882227897644,0.8357117772102356
293,Mistral,Bare Llama3B,4,0.12030392289161684,0.4203039228916168,0.4593921542167664
294,Mistral,Bare Llama3B,2,0.0,0.0442410409450531,0.9557589590549469
295,Mistral,Bare Llama3B,3,0.0,0.08473315834999084,0.9152668416500092
296,Mistral,Bare Llama3B,4,0.09299785792827608,0.29299785792827604,0.6140042841434479
297,Mistral,Bare Llama3B,3,0.04251503348350527,0.24251503348350523,0.7149699330329895
298,Mistral,Bare Llama3B,7,0.10647965371608736,0.4064796537160873,0.48704069256782534
299,Mistral,Bare Llama3B,7,0.0,0.17343643307685852,0.8265635669231415
300,Mistral,Bare Llama3B,2,0.01809104681015017,0.21809104681015012,0.7638179063796997
301,Mistral,Bare Llama3B,2,0.0,0.010281682014465332,0.9897183179855347
302,Mistral,Bare Llama3B,8,0.0,0.1693631112575531,0.8306368887424469
303,Mistral,Bare Llama3B,2,0.0,0.006359517574310303,0.9936404824256897
304,Mistral,Bare Llama3B,4,0.0,0.045468538999557495,0.9545314610004425
305,Mistral,Bare Llama3B,5,0.14470491707324984,0.7,0.15529508292675018
306,Mistral,Bare Llama3B,3,0.14488407373428347,0.7,0.15511592626571655
307,Mistral,Bare Llama3B,3,0.0,0.04518023133277893,0.9548197686672211
308,Mistral,Bare Llama3B,6,0.0,0.08145922422409058,0.9185407757759094
309,Mistral,Bare Llama3B,4,0.0,0.04811030626296997,0.95188969373703
310,Mistral,Bare Llama3B,3,0.11482995152473452,0.41482995152473445,0.47034009695053103
311,Mistral,Bare Llama3B,3,0.0,0.14560508728027344,0.8543949127197266
312,Mistral,Bare Llama3B,5,0.03158304244279864,0.2315830424427986,0.7368339151144028
313,Mistral,Bare Llama3B,10,0.1511032819747925,0.7,0.14889671802520751
314,Mistral,Bare Llama3B,7,0.06723875701427462,0.2672387570142746,0.6655224859714508
315,Mistral,Bare Llama3B,3,0.13719391226768496,0.7,0.16280608773231506
316,Mistral,Bare Llama3B,5,0.10600743591785433,0.40600743591785426,0.4879851281642914
317,Mistral,Bare Llama3B,7,0.14622087180614474,0.7,0.15377912819385528
318,Mistral,Bare Llama3B,6,0.07191880941390993,0.2719188094139099,0.6561623811721802
319,Mistral,Bare Llama3B,3,0.14652475118637087,0.7,0.15347524881362914
320,Mistral,Bare Llama3B,6,0.1430945783853531,0.7,0.1569054216146469
321,Mistral,Bare Llama3B,5,0.14544578790664675,0.7,0.15455421209335327
322,Mistral,Bare Llama3B,2,0.0,0.04471084475517273,0.9552891552448273
323,Mistral,Bare Llama3B,4,0.10171312987804415,0.4017131298780441,0.49657374024391177
324,Mistral,Bare Llama3B,5,0.11201524138450625,0.4120152413845062,0.47596951723098757
325,Mistral,Bare Llama3B,10,0.04314049482345583,0.2431404948234558,0.7137190103530884
326,Mistral,Bare Llama3B,4,0.12013850510120394,0.4201385051012039,0.4597229897975922
327,Mistral,Bare Llama3B,2,0.13754563927650454,0.7,0.16245436072349548
328,Mistral,Bare Llama3B,8,0.0,0.08054953813552856,0.9194504618644714
329,Mistral,Bare Llama3B,5,0.14181763827800753,0.7,0.1581823617219925
330,Mistral,Bare Llama3B,3,0.9940053215250373,0.005994678474962711,0.0
331,Mistral,Bare Llama3B,4,0.0,0.15511155128479004,0.84488844871521
332,Mistral,Bare Llama3B,5,0.0,0.0028291046619415283,0.9971708953380585
333,Mistral,Bare Llama3B,3,0.0,0.05929887294769287,0.9407011270523071
334,Mistral,Bare Llama3B,4,0.1428204417228699,0.7,0.15717955827713012
335,Mistral,Bare Llama3B,9,0.1301500514149666,0.7,0.1698499485850334
336,Mistral,Bare Llama3B,4,0.131889083981514,0.7,0.16811091601848602
337,Mistral,Bare Llama3B,4,0.0,0.18540596961975098,0.814594030380249
338,Mistral,Bare Llama3B,3,0.0,0.07942789793014526,0.9205721020698547
339,Mistral,Bare Llama3B,2,0.0,0.010004520416259766,0.9899954795837402
340,Mistral,Bare Llama3B,6,0.0,0.05195078253746033,0.9480492174625397
341,Mistral,Bare Llama3B,3,0.0,0.007368505001068115,0.9926314949989319
342,Mistral,Bare Llama3B,4,0.0,0.01887604594230652,0.9811239540576935
343,Mistral,Bare Llama3B,6,0.0847001910209656,0.28470019102096555,0.6305996179580688
344,Mistral,Bare Llama3B,4,0.15129236280918124,0.7,0.14870763719081878
345,Mistral,Bare Llama3B,5,0.0,0.12785020470619202,0.872149795293808
346,Mistral,Bare Llama3B,10,0.06149462759494784,0.2614946275949478,0.6770107448101044
347,Mistral,Bare Llama3B,6,0.1156953886151314,0.41569538861513133,0.46860922276973727
348,Mistral,Bare Llama3B,10,0.14930500984191897,0.7,0.15069499015808105
349,Mistral,Bare Llama3B,4,0.0,0.011018514633178711,0.9889814853668213
350,Mistral,Bare Llama3B,2,0.15137421488761904,0.7,0.14862578511238098
351,Mistral,Bare Llama3B,3,0.08100018799304964,0.2810001879930496,0.6379996240139008
352,Mistral,Bare Llama3B,4,0.0,0.038387149572372437,0.9616128504276276
353,Mistral,Bare Llama3B,7,0.11632008254528048,0.4163200825452804,0.4673598349094391
354,Mistral,Bare Llama3B,3,0.0,0.11693960428237915,0.8830603957176208
355,Mistral,Bare Llama3B,6,0.06056349873542788,0.26056349873542783,0.6788730025291443
356,Mistral,Bare Llama3B,6,0.10416052639484408,0.404160526394844,0.4916789472103119
357,Mistral,Bare Llama3B,2,0.06596120595932009,0.26596120595932005,0.6680775880813599
358,Mistral,Bare Llama3B,7,0.021049523353576682,0.22104952335357664,0.7579009532928467
359,Mistral,Bare Llama3B,2,0.10107427239418032,0.40107427239418025,0.4978514552116394
360,Mistral,Bare Llama3B,2,0.07161820828914645,0.2716182082891464,0.6567635834217072
361,Mistral,Bare Llama3B,6,0.03509953022003176,0.23509953022003172,0.7298009395599365
362,Mistral,Bare Llama3B,2,0.0,0.09150010347366333,0.9084998965263367
363,Mistral,Bare Llama3B,3,0.7723236153833568,0.21383819230832157,0.01383819230832159
364,Mistral,Bare Llama3B,5,0.030837857723236106,0.23083785772323606,0.7383242845535278
365,Mistral,Bare Llama3B,5,0.014908076822757743,0.2149080768227577,0.7701838463544846
366,Mistral,Bare Llama3B,6,0.02024304270744326,0.22024304270744322,0.7595139145851135
367,Mistral,Bare Llama3B,3,0.0,0.0009593367576599121,0.9990406632423401
368,Mistral,Bare Llama3B,9,0.11490412950515749,0.4149041295051574,0.4701917409896851
369,Mistral,Bare Llama3B,4,0.0,0.01144719123840332,0.9885528087615967
370,Mistral,Bare Llama3B,10,0.01763851344585421,0.21763851344585416,0.7647229731082916
371,Mistral,Bare Llama3B,5,0.10994855463504793,0.40994855463504787,0.4801028907299042
372,Mistral,Bare Llama3B,4,0.09921974837780001,0.29921974837779997,0.6015605032444
373,Mistral,Bare Llama3B,4,0.0,0.07477644085884094,0.9252235591411591
374,Mistral,Bare Llama3B,9,0.10099128782749178,0.4009912878274917,0.4980174243450165
375,Mistral,Bare Llama3B,5,0.03729314506053927,0.23729314506053922,0.7254137098789215
376,Mistral,Bare Llama3B,4,0.8387413214659318,0.16125867853406817,0.0
377,Mistral,Bare Llama3B,4,0.09460709393024447,0.2946070939302444,0.6107858121395111
378,Mistral,Bare Llama3B,11,0.0,0.08259406685829163,0.9174059331417084
379,Mistral,Bare Llama3B,8,0.13455171287059786,0.7,0.16544828712940216
380,Mistral,Bare Llama3B,5,0.0,0.0035380274057388306,0.9964619725942612
381,Mistral,Bare Llama3B,5,0.038210348784923576,0.23821034878492353,0.7235793024301529
382,Mistral,Bare Llama3B,7,0.03557793200016024,0.2355779320001602,0.7288441359996796
383,Mistral,Bare Llama3B,6,0.10672246813774111,0.40672246813774104,0.48655506372451784
384,Mistral,Bare Llama3B,3,0.14138064682483675,0.7,0.15861935317516326
385,Mistral,Bare Llama3B,3,0.0,0.034219056367874146,0.9657809436321259
386,Mistral,Bare Llama3B,4,0.0,0.0039736926555633545,0.9960263073444366
387,Mistral,Bare Llama3B,5,0.06941609978675845,0.2694160997867584,0.6611678004264832
388,Mistral,Bare Llama3B,6,0.0,0.0628698468208313,0.9371301531791687
389,Mistral,Bare Llama3B,4,0.0,0.13799485564231873,0.8620051443576813
390,Mistral,Bare Llama3B,7,0.9943591195624322,0.00564088043756783,0.0
391,Mistral,Bare Llama3B,7,0.0,0.05868229269981384,0.9413177073001862
392,Mistral,Bare Llama3B,5,0.052336552739143394,0.25233655273914335,0.6953268945217133
393,Mistral,Bare Llama3B,5,0.07519611120224001,0.27519611120223997,0.64960777759552
394,Mistral,Bare Llama3B,4,0.13596450686454775,0.7,0.16403549313545226
395,Mistral,Bare Llama3B,4,0.0,0.06605780124664307,0.9339421987533569
396,Mistral,Bare Llama3B,4,0.04581793546676638,0.24581793546676634,0.7083641290664673
397,Mistral,Bare Llama3B,2,0.14909433722496035,0.7,0.15090566277503967
398,Mistral,Bare Llama3B,7,0.9996483153954614,0.0003516846045386046,0.0
399,Mistral,Bare Llama3B,5,0.14783675372600558,0.7,0.15216324627399444
400,Mistral,Bare Llama3B,4,0.0,0.14996027946472168,0.8500397205352783
401,Mistral,Bare Llama3B,2,0.0,0.17238515615463257,0.8276148438453674
402,Mistral,Bare Llama3B,2,0.14972014129161837,0.7,0.15027985870838165
403,Mistral,Bare Llama3B,4,0.0,0.03854691982269287,0.9614530801773071
404,Mistral,Bare Llama3B,5,0.1500683516263962,0.7,0.14993164837360382
405,Mistral,Bare Llama3B,3,0.122346767783165,0.42234676778316493,0.45530646443367007
406,Mistral,Bare Llama3B,8,0.17403469383716585,0.7,0.12596530616283416
407,Mistral,Bare Llama3B,5,0.0068036705255508645,0.20680367052555082,0.7863926589488983
408,Mistral,Bare Llama3B,5,0.14834996461868288,0.7,0.15165003538131713
409,Mistral,Bare Llama3B,3,0.0,0.036279499530792236,0.9637205004692078
410,Mistral,Bare Llama3B,3,0.15185683369636538,0.7,0.14814316630363464
411,Mistral,Bare Llama3B,7,0.010732749104499839,0.2107327491044998,0.7785345017910004
412,Mistral,Bare Llama3B,8,0.07964060604572298,0.27964060604572294,0.6407187879085541
413,Mistral,Bare Llama3B,5,0.11463094651699068,0.4146309465169906,0.4707381069660187
414,Mistral,Bare Llama3B,4,0.9983293759869412,0.0016706240130588412,0.0
415,Mistral,Bare Llama3B,6,0.0,0.02943795919418335,0.9705620408058167
416,Mistral,Bare Llama3B,2,0.15057178735733034,0.7,0.14942821264266967
417,Mistral,Bare Llama3B,3,0.0,0.020400911569595337,0.9795990884304047
418,Mistral,Bare Llama3B,5,0.0,0.017581433057785034,0.982418566942215
419,Mistral,Bare Llama3B,4,0.0,0.17205801606178284,0.8279419839382172
420,Mistral,Bare Llama3B,2,0.0,0.054763972759246826,0.9452360272407532
421,Mistral,Bare Llama3B,6,0.14783577024936678,0.7,0.15216422975063323
422,Mistral,Bare Llama3B,4,0.0,0.02866542339324951,0.9713345766067505
423,Mistral,Bare Llama3B,4,0.6489319708198309,0.27553401459008453,0.07553401459008455
424,Mistral,Bare Llama3B,4,0.11179066598415377,0.4117906659841537,0.4764186680316925
425,Mistral,Bare Llama3B,5,0.1500058561563492,0.7,0.1499941438436508
426,Mistral,Bare Llama3B,2,0.12051736712455752,0.42051736712455745,0.45896526575088503
427,Mistral,Bare Llama3B,5,0.08867190182209017,0.2886719018220901,0.6226561963558197
428,Mistral,Bare Llama3B,3,0.0,0.006547510623931885,0.9934524893760681
429,Mistral,Bare Llama3B,3,0.10454537868499758,0.4045453786849975,0.4909092426300049
430,Mistral,Bare Llama3B,5,0.15034163892269137,0.7,0.14965836107730865
431,Mistral,Bare Llama3B,2,0.061784380674362205,0.26178438067436216,0.6764312386512756
432,Mistral,Bare Llama3B,4,0.06616024076938631,0.26616024076938627,0.6676795184612274
433,Mistral,Bare Llama3B,6,0.14795687198638918,0.7,0.15204312801361083
434,Mistral,Bare Llama3B,7,0.0,0.0035221874713897705,0.9964778125286102
435,Mistral,Bare Llama3B,3,0.0,0.03528156876564026,0.9647184312343597
436,Mistral,Bare Llama3B,4,0.11481713652610781,0.41481713652610774,0.47036572694778445
437,Mistral,Bare Llama3B,4,0.1504500597715378,0.7,0.1495499402284622
438,Mistral,Bare Llama3B,4,0.0,0.011856794357299805,0.9881432056427002
439,Mistral,Bare Llama3B,3,0.12526566684246065,0.7,0.17473433315753936
440,Mistral,Bare Llama3B,5,0.08704523146152499,0.28704523146152494,0.6259095370769501
441,Mistral,Bare Llama3B,4,0.12767540812492373,0.7,0.1723245918750763
442,Mistral,Bare Llama3B,5,0.15125382840633395,0.7,0.14874617159366607
443,Mistral,Bare Llama3B,4,0.11394251286983492,0.41394251286983486,0.4721149742603302
444,Mistral,Bare Llama3B,4,0.0,0.12324783205986023,0.8767521679401398
445,Mistral,Bare Llama3B,4,0.12689273953437807,0.7,0.17310726046562194
446,Mistral,Bare Llama3B,4,0.0,0.04333913326263428,0.9566608667373657
447,Mistral,Bare Llama3B,8,0.8885442018508911,0.11145579814910889,0.0
448,Mistral,Bare Llama3B,6,0.0,0.17098018527030945,0.8290198147296906
449,Mistral,Bare Llama3B,3,0.07331105470657351,0.27331105470657346,0.653377890586853
450,Mistral,Bare Llama3B,5,0.11301229298114779,0.4130122929811477,0.4739754140377045
451,Mistral,Bare Llama3B,5,0.06368280351161959,0.26368280351161955,0.6726343929767609
452,Mistral,Bare Llama3B,5,0.08521030247211459,0.28521030247211454,0.6295793950557709
453,Mistral,Bare Llama3B,4,0.11579810231924059,0.4157981023192405,0.4684037953615189
454,Mistral,Bare Llama3B,4,0.08417972326278689,0.28417972326278684,0.6316405534744263
455,Mistral,Bare Llama3B,3,0.0027746796607971413,0.2027746796607971,0.7944506406784058
456,Mistral,Bare Llama3B,2,0.0,0.009114623069763184,0.9908853769302368
457,Mistral,Bare Llama3B,3,0.0,0.026942312717437744,0.9730576872825623
458,Mistral,Bare Llama3B,3,0.0,0.04822969436645508,0.9517703056335449
459,Mistral,Bare Llama3B,4,0.9963267683051527,0.0036732316948473454,0.0
460,Mistral,Bare Llama3B,5,0.08993408977985384,0.2899340897798538,0.6201318204402924
461,Mistral,Bare Llama3B,3,0.0,0.028193145990371704,0.9718068540096283
462,Mistral,Bare Llama3B,7,0.7371589010581374,0.23142054947093127,0.031420549470931286
463,Mistral,Bare Llama3B,5,0.0,0.010084867477416992,0.989915132522583
464,Mistral,Bare Llama3B,2,0.08678011000156405,0.286780110001564,0.626439779996872
465,Mistral,Bare Llama3B,7,0.08099091947078707,0.280990919470787,0.6380181610584259
466,Mistral,Bare Llama3B,7,0.0,0.09647130966186523,0.9035286903381348
467,Mistral,Bare Llama3B,5,0.0,0.1700131893157959,0.8299868106842041
468,Mistral,Bare Llama3B,6,0.7412862181663513,0.22935689091682432,0.029356890916824335
469,Mistral,Bare Llama3B,6,0.0,0.042601585388183594,0.9573984146118164
470,Mistral,Bare Llama3B,7,0.1316403239965439,0.7,0.1683596760034561
471,Mistral,Bare Llama3B,4,0.03418020308017733,0.23418020308017728,0.7316395938396454
472,Mistral,Bare Llama3B,2,0.0,0.017337769269943237,0.9826622307300568
473,Mistral,Bare Llama3B,4,0.16361657737288626,0.7,0.13638342262711375
474,Mistral,Bare Llama3B,2,0.0,0.08330133557319641,0.9166986644268036
475,Mistral,Bare Llama3B,3,0.13480236530303957,0.7,0.16519763469696044
476,Mistral,Bare Llama3B,5,0.13014940321445467,0.7,0.16985059678554534
477,Mistral,Bare Llama3B,4,0.15063854455947878,0.7,0.14936145544052123
478,Mistral,Bare Llama3B,4,0.03912181556224825,0.2391218155622482,0.7217563688755035
479,Mistral,Bare Llama3B,3,0.12596435248851778,0.7,0.17403564751148223
480,Mistral,Bare Llama3B,4,0.044265204668045066,0.24426520466804502,0.7114695906639099
481,Mistral,Bare Llama3B,9,0.030654007196426414,0.23065400719642637,0.7386919856071472
482,Mistral,Bare Llama3B,5,0.0,0.030887365341186523,0.9691126346588135
483,Mistral,Bare Llama3B,4,0.15038503110408785,0.7,0.14961496889591216
484,Mistral,Bare Llama3B,5,0.1477449178695679,0.7,0.15225508213043212
485,Mistral,Bare Llama3B,6,0.12720661759376528,0.7,0.17279338240623474
486,Mistral,Bare Llama3B,5,0.9861622583121061,0.013837741687893867,0.0
487,Mistral,Bare Llama3B,3,0.0,0.08679753541946411,0.9132024645805359
488,Mistral,Bare Llama3B,4,0.1312271744012833,0.7,0.16877282559871673
489,Mistral,Bare Llama3B,5,0.14258409440517428,0.7,0.15741590559482574
490,Mistral,Bare Llama3B,5,0.0,0.008395373821258545,0.9916046261787415
491,Mistral,Bare Llama3B,8,0.9856622657243861,0.014337734275613911,0.0
492,Mistral,Bare Llama3B,7,0.0,0.00821542739868164,0.9917845726013184
493,Mistral,Bare Llama3B,2,0.9390904381871223,0.060909561812877655,0.0
494,Mistral,Bare Llama3B,5,0.0005288064479828103,0.20052880644798277,0.7989423871040344
495,Mistral,Bare Llama3B,3,0.0,0.05686807632446289,0.9431319236755371
496,Mistral,Bare Llama3B,5,0.1036160081624985,0.40361600816249843,0.4927679836750031
497,Mistral,Bare Llama3B,2,0.04831347763538363,0.24831347763538358,0.7033730447292328
498,Mistral,Bare Llama3B,5,0.15167351961135866,0.7,0.14832648038864135
499,Mistral,Bare Llama3B,2,0.0,0.0651102066040039,0.9348897933959961
500,Mistral,Bare Llama3B,4,0.6148232817649841,0.2925883591175079,0.09258835911750793
501,Mistral,Bare Llama3B,5,0.0,0.1475183069705963,0.8524816930294037
502,Mistral,Bare Llama3B,5,0.12470697760581972,0.42470697760581966,0.4505860447883606
503,Mistral,Bare Llama3B,5,0.1240119278430939,0.4240119278430938,0.4519761443138123
504,Mistral,Bare Llama3B,7,0.12801053524017336,0.7,0.17198946475982665
505,Mistral,Bare Llama3B,3,0.0,0.17444440722465515,0.8255555927753448
506,Mistral,Bare Llama3B,2,0.0,0.055114537477493286,0.9448854625225067
507,Mistral,Bare Llama3B,4,0.072416627407074,0.27241662740707395,0.655166745185852
508,Mistral,Bare Llama3B,5,0.9524296950548887,0.047570304945111275,0.0
509,Mistral,Bare Llama3B,5,0.11789558231830599,0.4178955823183059,0.4642088353633881
510,Mistral,Bare Llama3B,4,0.0,0.04871007800102234,0.9512899219989777
511,Mistral,Bare Llama3B,2,0.0,0.015849262475967407,0.9841507375240326
512,Mistral,Bare Llama3B,7,0.0,0.007450789213180542,0.9925492107868195
513,Mistral,Bare Llama3B,3,0.03988773524761202,0.23988773524761198,0.720224529504776
514,Mistral,Bare Llama3B,3,0.0717968136072159,0.27179681360721586,0.6564063727855682
515,Mistral,Bare Llama3B,3,0.0,0.05501934885978699,0.944980651140213
516,Mistral,Bare Llama3B,3,0.0,0.007279872894287109,0.9927201271057129
517,Mistral,Bare Llama3B,7,0.13949874937534334,0.7,0.16050125062465667
518,Mistral,Bare Llama3B,8,0.0,0.0592786967754364,0.9407213032245636
519,Mistral,Bare Llama3B,4,0.02697495520114901,0.22697495520114896,0.746050089597702
520,Mistral,Bare Llama3B,6,0.0,0.12060213088989258,0.8793978691101074
521,Mistral,Bare Llama3B,3,0.14776569008827212,0.7,0.1522343099117279
522,Mistral,Bare Llama3B,6,0.9935595439746976,0.00644045602530241,0.0
523,Mistral,Bare Llama3B,6,0.14350498244166376,0.7,0.15649501755833625
524,Mistral,Bare Llama3B,7,0.0,0.15807753801345825,0.8419224619865417
525,Mistral,Bare Llama3B,3,0.09537349045276644,0.2953734904527664,0.6092530190944672
526,Mistral,Bare Llama3B,3,0.0,0.034320712089538574,0.9656792879104614
