chain_id,model,method,num_emails,sentiment_neg,sentiment_neu,sentiment_pos
0,GPT4,Zeroshot,5,0.0,0.19872435927391052,0.8012756407260895
1,GPT4,Zeroshot,6,0.0,0.1862611174583435,0.8137388825416565
2,GPT4,Zeroshot,7,0.12741839289665224,0.7,0.17258160710334777
3,GPT4,Zeroshot,7,0.0,0.07221859693527222,0.9277814030647278
4,GPT4,Zeroshot,6,0.07056363821029665,0.2705636382102966,0.6588727235794067
5,GPT4,Zeroshot,6,0.03237315416336062,0.23237315416336057,0.7352536916732788
6,GPT4,Zeroshot,7,0.0,0.18819895386695862,0.8118010461330414
7,GPT4,Zeroshot,7,0.01625999212265017,0.21625999212265012,0.7674800157546997
8,GPT4,Zeroshot,6,0.0,0.18943044543266296,0.810569554567337
9,GPT4,Zeroshot,6,0.0,0.11089611053466797,0.889103889465332
10,GPT4,Zeroshot,6,0.08280698359012606,0.282806983590126,0.6343860328197479
11,GPT4,Zeroshot,6,0.0,0.03983139991760254,0.9601686000823975
12,GPT4,Zeroshot,6,0.09652219116687777,0.2965221911668777,0.6069556176662445
13,GPT4,Zeroshot,6,0.030496352910995506,0.23049635291099546,0.739007294178009
14,GPT4,Zeroshot,6,0.08925333023071291,0.28925333023071287,0.6214933395385742
15,GPT4,Zeroshot,7,0.0,0.19149461388587952,0.8085053861141205
16,GPT4,Zeroshot,6,0.07885483801364901,0.27885483801364896,0.642290323972702
17,GPT4,Zeroshot,6,0.0,0.04745727777481079,0.9525427222251892
18,GPT4,Zeroshot,6,0.08513017892837527,0.2851301789283752,0.6297396421432495
19,GPT4,Zeroshot,5,0.025307828187942527,0.22530782818794248,0.749384343624115
20,GPT4,Zeroshot,6,0.0,0.1674877107143402,0.8325122892856598
21,GPT4,Zeroshot,6,0.0035651117563247903,0.20356511175632475,0.7928697764873505
22,GPT4,Zeroshot,6,0.0,0.10834085941314697,0.891659140586853
23,GPT4,Zeroshot,6,0.0,0.1819465160369873,0.8180534839630127
24,GPT4,Zeroshot,6,0.038475298881530784,0.23847529888153074,0.7230494022369385
25,GPT4,Zeroshot,5,0.12096762061119082,0.42096762061119075,0.45806475877761843
26,GPT4,Zeroshot,5,0.0,0.08061662316322327,0.9193833768367767
27,GPT4,Zeroshot,5,0.09547025859355929,0.29547025859355924,0.6090594828128815
28,GPT4,Zeroshot,6,0.01145204305648806,0.21145204305648801,0.7770959138870239
29,GPT4,Zeroshot,6,0.0,0.071343332529068,0.928656667470932
30,GPT4,Zeroshot,6,0.0,0.14439648389816284,0.8556035161018372
31,GPT4,Zeroshot,6,0.04145550131797793,0.24145550131797788,0.7170889973640442
32,GPT4,Zeroshot,6,0.0,0.16986018419265747,0.8301398158073425
33,GPT4,Zeroshot,6,0.0,0.10361462831497192,0.8963853716850281
34,GPT4,Zeroshot,7,0.018665784597396873,0.21866578459739683,0.7626684308052063
35,GPT4,Zeroshot,6,0.10038609206676485,0.4003860920667648,0.49922781586647036
36,GPT4,Zeroshot,7,0.05471443533897402,0.254714435338974,0.690571129322052
37,GPT4,Zeroshot,6,0.04059539139270785,0.2405953913927078,0.7188092172145844
38,GPT4,Zeroshot,6,0.0,0.054299354553222656,0.9457006454467773
39,GPT4,Zeroshot,7,0.0,0.09441909193992615,0.9055809080600739
40,GPT4,Zeroshot,6,0.033398622274398826,0.23339862227439878,0.7332027554512024
41,GPT4,Zeroshot,6,0.0,0.10825547575950623,0.8917445242404938
42,GPT4,Zeroshot,5,0.13264470696449282,0.7,0.1673552930355072
43,GPT4,Zeroshot,6,0.039079615473747276,0.23907961547374723,0.7218407690525055
44,GPT4,Zeroshot,6,0.0,0.1924971640110016,0.8075028359889984
45,GPT4,Zeroshot,6,0.12341443598270418,0.4234144359827041,0.4531711280345917
46,GPT4,Zeroshot,7,0.0,0.14805111289024353,0.8519488871097565
47,GPT4,Zeroshot,6,0.0,0.02732229232788086,0.9726777076721191
48,GPT4,Zeroshot,6,0.0,0.10694444179534912,0.8930555582046509
49,GPT4,Zeroshot,6,0.0,0.05360797047615051,0.9463920295238495
50,GPT4,Zeroshot,6,0.07994752526283266,0.2799475252628326,0.6401049494743347
51,GPT4,Zeroshot,6,0.0,0.06395572423934937,0.9360442757606506
52,GPT4,Zeroshot,6,0.0,0.1936645209789276,0.8063354790210724
53,GPT4,Zeroshot,6,0.0,0.06443443894386292,0.9355655610561371
54,GPT4,Zeroshot,6,0.08720145523548128,0.28720145523548124,0.6255970895290375
55,GPT4,Zeroshot,6,0.08960762023925783,0.2896076202392578,0.6207847595214844
56,GPT4,Zeroshot,7,0.0,0.017707109451293945,0.982292890548706
57,GPT4,Zeroshot,6,0.0,0.10348427295684814,0.8965157270431519
58,GPT4,Zeroshot,6,0.08364486098289492,0.2836448609828949,0.6327102780342102
59,GPT4,Zeroshot,6,0.0,0.1462220847606659,0.8537779152393341
60,GPT4,Zeroshot,5,0.026665428280830406,0.22666542828083036,0.7466691434383392
61,GPT4,Zeroshot,7,0.07535687983036043,0.2753568798303604,0.6492862403392792
62,GPT4,Zeroshot,6,0.0,0.1815970242023468,0.8184029757976532
63,GPT4,Zeroshot,6,0.0,0.14422422647476196,0.855775773525238
64,GPT4,Zeroshot,6,0.07610238492488863,0.2761023849248886,0.6477952301502228
65,GPT4,Zeroshot,6,0.0,0.07803192734718323,0.9219680726528168
66,GPT4,Zeroshot,6,0.004976847767829917,0.20497684776782987,0.7900463044643402
67,GPT4,Zeroshot,6,0.0,0.17168137431144714,0.8283186256885529
68,GPT4,Zeroshot,6,0.08105146288871767,0.28105146288871763,0.6378970742225647
69,GPT4,Zeroshot,6,0.028307715058326743,0.2283077150583267,0.7433845698833466
70,GPT4,Zeroshot,6,0.030136460065841697,0.23013646006584165,0.7397270798683167
71,GPT4,Zeroshot,6,0.14362029135227206,0.7,0.15637970864772796
72,GPT4,Zeroshot,6,0.0,0.17974796891212463,0.8202520310878754
73,GPT4,Zeroshot,7,0.031658151745796226,0.23165815174579618,0.7366836965084076
74,GPT4,Zeroshot,6,0.1109751105308533,0.4109751105308532,0.4780497789382935
75,GPT4,Zeroshot,6,0.0,0.05331197381019592,0.9466880261898041
76,GPT4,Zeroshot,5,0.0,0.09866750240325928,0.9013324975967407
77,GPT4,Zeroshot,5,0.0,0.09467166662216187,0.9053283333778381
78,GPT4,Zeroshot,6,0.07505869269371035,0.2750586926937103,0.6498826146125793
79,GPT4,Zeroshot,6,0.01182290315628054,0.2118229031562805,0.776354193687439
80,GPT4,Zeroshot,6,0.007065156102180503,0.20706515610218046,0.785869687795639
81,GPT4,Zeroshot,6,0.0,0.11509305238723755,0.8849069476127625
82,GPT4,Zeroshot,6,0.0,0.19012746214866638,0.8098725378513336
83,GPT4,Zeroshot,6,0.020087459683418296,0.22008745968341825,0.7598250806331635
84,GPT4,Zeroshot,7,0.11025465428829195,0.4102546542882919,0.47949069142341616
85,GPT4,Zeroshot,6,0.0,0.09934678673744202,0.900653213262558
86,GPT4,Zeroshot,6,0.04965651929378512,0.24965651929378507,0.7006869614124298
87,GPT4,Zeroshot,6,0.11041385829448702,0.41041385829448696,0.479172283411026
88,GPT4,Zeroshot,7,0.0,0.14675727486610413,0.8532427251338959
89,GPT4,Zeroshot,6,0.0,0.17551493644714355,0.8244850635528564
90,GPT4,Zeroshot,5,0.0,0.10260072350502014,0.8973992764949799
91,GPT4,Zeroshot,6,0.0,0.008863061666488647,0.9911369383335114
92,GPT4,Zeroshot,6,0.0,0.19136092066764832,0.8086390793323517
93,GPT4,Zeroshot,7,0.0322302967309952,0.23223029673099516,0.7355394065380096
94,GPT4,Zeroshot,6,0.0,0.1312045156955719,0.8687954843044281
95,GPT4,Zeroshot,6,0.10900900661945345,0.4090090066194534,0.48198198676109316
96,GPT4,Zeroshot,6,0.0,0.03044682741165161,0.9695531725883484
97,GPT4,Zeroshot,6,0.054639124870300315,0.25463912487030027,0.6907217502593994
98,GPT4,Zeroshot,7,0.0,0.1087481677532196,0.8912518322467804
99,GPT4,Zeroshot,6,0.011484661698341392,0.21148466169834135,0.7770306766033173
100,GPT4,Zeroshot,6,0.0,0.12853839993476868,0.8714616000652313
101,GPT4,Zeroshot,6,0.008751833438873313,0.20875183343887327,0.7824963331222534
102,GPT4,Zeroshot,6,0.027622038125991843,0.2276220381259918,0.7447559237480164
103,GPT4,Zeroshot,5,0.0,0.19656071066856384,0.8034392893314362
104,GPT4,Zeroshot,6,0.02545558810234072,0.22545558810234068,0.7490888237953186
105,GPT4,Zeroshot,7,0.03995654881000521,0.23995654881000517,0.7200869023799896
106,GPT4,Zeroshot,5,0.0,0.17305102944374084,0.8269489705562592
107,GPT4,Zeroshot,6,0.05324775874614718,0.25324775874614713,0.6935044825077057
108,GPT4,Zeroshot,6,0.0,0.19193783402442932,0.8080621659755707
109,GPT4,Zeroshot,6,0.0,0.15678644180297852,0.8432135581970215
110,GPT4,Zeroshot,6,0.0,0.15312445163726807,0.8468755483627319
111,GPT4,Zeroshot,7,0.0,0.1034252941608429,0.8965747058391571
112,GPT4,Zeroshot,5,0.0022279113531112893,0.20222791135311124,0.7955441772937775
113,GPT4,Zeroshot,6,0.009401509165763877,0.20940150916576383,0.7811969816684723
114,GPT4,Zeroshot,7,0.0,0.15762194991111755,0.8423780500888824
115,GPT4,Zeroshot,6,0.0,0.08594697713851929,0.9140530228614807
116,GPT4,Zeroshot,6,0.008914569020271323,0.20891456902027128,0.7821708619594574
117,GPT4,Zeroshot,6,0.1077009826898575,0.40770098268985744,0.48459803462028506
118,GPT4,Zeroshot,6,0.0,0.023984402418136597,0.9760155975818634
119,GPT4,Zeroshot,5,0.10733296871185305,0.407332968711853,0.48533406257629397
120,GPT4,Zeroshot,6,0.131522411108017,0.7,0.16847758889198303
121,GPT4,Zeroshot,6,0.023106107115745567,0.22310610711574552,0.7537877857685089
122,GPT4,Zeroshot,7,0.015454286336898826,0.21545428633689878,0.7690914273262024
123,GPT4,Zeroshot,6,0.09933809340000155,0.2993380934000015,0.601323813199997
124,GPT4,Zeroshot,7,0.04226822555065157,0.24226822555065153,0.7154635488986969
125,GPT4,Zeroshot,6,0.018545144796371482,0.21854514479637144,0.7629097104072571
126,GPT4,Zeroshot,5,0.0,0.13362443447113037,0.8663755655288696
127,GPT4,Zeroshot,6,0.10790547132492068,0.4079054713249206,0.4841890573501587
128,GPT4,Zeroshot,6,0.01720833182334902,0.21720833182334898,0.765583336353302
129,GPT4,Zeroshot,6,0.0,0.06295868754386902,0.937041312456131
130,GPT4,Zeroshot,6,0.11856561303138735,0.4185656130313873,0.46286877393722536
131,GPT4,Zeroshot,6,0.0,0.050216883420944214,0.9497831165790558
132,GPT4,Zeroshot,6,0.0,0.049368470907211304,0.9506315290927887
133,GPT4,Zeroshot,6,0.1361138164997101,0.7,0.1638861835002899
134,GPT4,Zeroshot,6,0.0,0.1544516384601593,0.8455483615398407
135,GPT4,Zeroshot,6,0.05270216763019564,0.2527021676301956,0.6945956647396088
136,GPT4,Zeroshot,6,0.0,0.03435710072517395,0.965642899274826
137,GPT4,Zeroshot,6,0.0,0.195022314786911,0.804977685213089
138,GPT4,Zeroshot,6,0.017699444293975852,0.2176994442939758,0.7646011114120483
139,GPT4,Zeroshot,6,0.0,0.13087934255599976,0.8691206574440002
140,GPT4,Zeroshot,5,0.06828484833240511,0.26828484833240507,0.6634303033351898
141,GPT4,Zeroshot,7,0.06812767088413241,0.26812767088413236,0.6637446582317352
142,GPT4,Zeroshot,7,0.0,0.1532541811466217,0.8467458188533783
143,GPT4,Zeroshot,6,0.0,0.14280536770820618,0.8571946322917938
144,GPT4,Zeroshot,6,0.013651424646377586,0.21365142464637754,0.7726971507072449
145,GPT4,Zeroshot,6,0.011279606819152854,0.2112796068191528,0.7774407863616943
146,GPT4,Zeroshot,6,0.0,0.13095808029174805,0.869041919708252
147,GPT4,Zeroshot,7,0.06297459602355959,0.26297459602355955,0.6740508079528809
148,GPT4,Zeroshot,6,0.08704345822334292,0.2870434582233429,0.6259130835533142
149,GPT4,Zeroshot,6,0.07336086928844454,0.2733608692884445,0.653278261423111
150,GPT4,Zeroshot,5,0.05213248133659365,0.2521324813365936,0.6957350373268127
151,GPT4,Zeroshot,6,0.009475821256637595,0.20947582125663755,0.7810483574867249
152,GPT4,Zeroshot,6,0.0,0.18191245198249817,0.8180875480175018
153,GPT4,Zeroshot,6,0.05856660902500155,0.2585666090250015,0.682866781949997
154,GPT4,Zeroshot,6,0.08324719369411471,0.28324719369411466,0.6335056126117706
155,GPT4,Zeroshot,7,0.0,0.13795500993728638,0.8620449900627136
156,GPT4,Zeroshot,5,0.09017449021339419,0.29017449021339414,0.6196510195732117
157,GPT4,Zeroshot,6,0.005773881077766441,0.2057738810777664,0.7884522378444672
158,GPT4,Zeroshot,6,0.0,0.13377460837364197,0.866225391626358
159,GPT4,Zeroshot,6,0.10825706422328951,0.40825706422328945,0.48348587155342104
160,GPT4,Zeroshot,6,0.0,0.16909664869308472,0.8309033513069153
161,GPT4,Zeroshot,6,0.0,0.08017444610595703,0.919825553894043
162,GPT4,Zeroshot,6,0.0,0.16700980067253113,0.8329901993274689
163,GPT4,Zeroshot,6,0.0,0.06419423222541809,0.9358057677745819
164,GPT4,Zeroshot,6,0.02968343496322634,0.2296834349632263,0.7406331300735474
165,GPT4,Zeroshot,6,0.0,0.14972281455993652,0.8502771854400635
166,GPT4,Zeroshot,6,0.0,0.005896806716918945,0.994103193283081
167,GPT4,Zeroshot,6,0.0,0.05074101686477661,0.9492589831352234
168,GPT4,Zeroshot,7,0.0,0.19144967198371887,0.8085503280162811
169,GPT4,Zeroshot,6,0.0,0.041382551193237305,0.9586174488067627
170,GPT4,Zeroshot,6,0.11214193105697634,0.4121419310569763,0.4757161378860474
171,GPT4,Zeroshot,6,0.0,0.18761906027793884,0.8123809397220612
172,GPT4,Zeroshot,6,0.0,0.1266636848449707,0.8733363151550293
173,GPT4,Zeroshot,6,0.06577236354351046,0.2657723635435104,0.6684552729129791
174,GPT4,Zeroshot,6,0.0,0.08779522776603699,0.912204772233963
175,GPT4,Zeroshot,6,0.0,0.14820721745491028,0.8517927825450897
176,GPT4,Zeroshot,7,0.0,0.03266140818595886,0.9673385918140411
177,GPT4,Zeroshot,6,0.07652827501296999,0.27652827501296995,0.6469434499740601
178,GPT4,Zeroshot,6,0.0,0.14631465077400208,0.8536853492259979
179,GPT4,Zeroshot,6,0.0,0.08121293783187866,0.9187870621681213
180,GPT4,Zeroshot,6,0.0,0.08184149861335754,0.9181585013866425
181,GPT4,Zeroshot,6,0.05075476467609408,0.25075476467609403,0.6984904706478119
182,GPT4,Zeroshot,6,0.0,0.1374192237854004,0.8625807762145996
183,GPT4,Zeroshot,6,0.0,0.07250666618347168,0.9274933338165283
184,GPT4,Zeroshot,6,0.0,0.1679147481918335,0.8320852518081665
185,GPT4,Zeroshot,6,0.0804550886154175,0.28045508861541746,0.639089822769165
186,GPT4,Zeroshot,6,0.13148156702518465,0.7,0.16851843297481536
187,GPT4,Zeroshot,6,0.0,0.16408491134643555,0.8359150886535645
188,GPT4,Zeroshot,6,0.07818731069564822,0.27818731069564817,0.6436253786087036
189,GPT4,Zeroshot,6,0.06411156952381136,0.2641115695238113,0.6717768609523773
190,GPT4,Zeroshot,6,0.0,0.132004976272583,0.867995023727417
191,GPT4,Zeroshot,7,0.034355276823043845,0.2343552768230438,0.7312894463539124
192,GPT4,Zeroshot,7,0.0,0.05060464143753052,0.9493953585624695
193,GPT4,Zeroshot,6,0.0,0.04019567370414734,0.9598043262958527
194,GPT4,Zeroshot,6,0.0,0.09036245942115784,0.9096375405788422
195,GPT4,Zeroshot,6,0.09048576056957247,0.2904857605695724,0.6190284788608551
196,GPT4,Zeroshot,6,0.13530212044715884,0.7,0.16469787955284118
197,GPT4,Zeroshot,6,0.0,0.07228857278823853,0.9277114272117615
198,GPT4,Zeroshot,6,0.07346552014350893,0.2734655201435089,0.6530689597129822
199,GPT4,Zeroshot,6,0.023545885086059593,0.22354588508605955,0.7529082298278809
200,GPT4,Zeroshot,6,0.016114795207977317,0.21611479520797727,0.7677704095840454
201,GPT4,Zeroshot,6,0.0,0.10087180137634277,0.8991281986236572
202,GPT4,Zeroshot,7,0.0,0.17177006602287292,0.8282299339771271
203,GPT4,Zeroshot,6,0.11959030628204348,0.4195903062820434,0.4608193874359131
204,GPT4,Zeroshot,5,0.08534998595714571,0.28534998595714567,0.6293000280857086
205,GPT4,Zeroshot,6,0.0,0.11686539649963379,0.8831346035003662
206,GPT4,Zeroshot,7,0.0,0.17525437474250793,0.8247456252574921
207,GPT4,Zeroshot,6,0.11060438454151156,0.4106043845415115,0.47879123091697695
208,GPT4,Zeroshot,6,0.0,0.025224506855010986,0.974775493144989
209,GPT4,Zeroshot,7,0.0,0.16193920373916626,0.8380607962608337
210,GPT4,Zeroshot,6,0.0,0.08817979693412781,0.9118202030658722
211,GPT4,Zeroshot,6,0.12765767574310305,0.7,0.17234232425689697
212,GPT4,Zeroshot,6,0.12272492945194247,0.4227249294519424,0.45455014109611513
213,GPT4,Zeroshot,6,0.091853404045105,0.29185340404510496,0.61629319190979
214,GPT4,Zeroshot,6,0.018784815073013328,0.21878481507301328,0.7624303698539734
215,GPT4,Zeroshot,6,0.0,0.19388854503631592,0.8061114549636841
216,GPT4,Zeroshot,6,0.034230226278305076,0.23423022627830503,0.7315395474433899
217,GPT4,Zeroshot,6,0.0,0.10650169849395752,0.8934983015060425
218,GPT4,Zeroshot,6,0.01487737298011782,0.21487737298011778,0.7702452540397644
219,GPT4,Zeroshot,6,0.0,0.041392505168914795,0.9586074948310852
220,GPT4,Zeroshot,6,0.0,0.0453152060508728,0.9546847939491272
221,GPT4,Zeroshot,6,0.11508178114891054,0.4150817811489105,0.469836437702179
222,GPT4,Zeroshot,6,0.0,0.158487468957901,0.841512531042099
223,GPT4,Zeroshot,5,0.05973794460296633,0.2597379446029663,0.6805241107940674
224,GPT4,Zeroshot,6,0.0,0.10071179270744324,0.8992882072925568
225,GPT4,Zeroshot,6,0.1324595004320145,0.7,0.16754049956798553
226,GPT4,Zeroshot,7,0.1349682003259659,0.7,0.1650317996740341
227,GPT4,Zeroshot,7,0.0,0.11976143717765808,0.8802385628223419
228,GPT4,Zeroshot,6,0.014887267351150535,0.2148872673511505,0.770225465297699
229,GPT4,Zeroshot,6,0.0,0.047776371240615845,0.9522236287593842
230,GPT4,Zeroshot,6,0.0,0.07299372553825378,0.9270062744617462
231,GPT4,Zeroshot,6,0.08086679279804232,0.2808667927980423,0.6382664144039154
232,GPT4,Zeroshot,7,0.0348693370819092,0.23486933708190916,0.7302613258361816
233,GPT4,Zeroshot,6,0.09006462395191195,0.2900646239519119,0.6198707520961761
234,GPT4,Zeroshot,6,0.057860592007637046,0.257860592007637,0.684278815984726
235,GPT4,Zeroshot,7,0.0,0.09871828556060791,0.9012817144393921
236,GPT4,Zeroshot,6,0.0,0.17425188422203064,0.8257481157779694
237,GPT4,Zeroshot,6,0.047193297743797324,0.24719329774379728,0.7056134045124054
238,GPT4,Zeroshot,7,0.0,0.08170592784881592,0.9182940721511841
239,GPT4,Zeroshot,6,0.0,0.10176250338554382,0.8982374966144562
240,GPT4,Zeroshot,5,0.13397488892078402,0.7,0.166025111079216
241,GPT4,Zeroshot,6,0.06933690011501314,0.2693369001150131,0.6613261997699738
242,GPT4,Zeroshot,6,0.0,0.05849134922027588,0.9415086507797241
243,GPT4,Zeroshot,6,0.0,0.07337358593940735,0.9266264140605927
244,GPT4,Zeroshot,7,0.09063024222850802,0.290630242228508,0.618739515542984
245,GPT4,Zeroshot,6,0.0,0.05419522523880005,0.9458047747612
246,GPT4,Zeroshot,6,0.0,0.08705735206604004,0.91294264793396
247,GPT4,Zeroshot,7,0.0,0.11715230345726013,0.8828476965427399
248,GPT4,Zeroshot,6,0.06583509743213656,0.2658350974321365,0.6683298051357269
249,GPT4,Zeroshot,6,0.0,0.055061668157577515,0.9449383318424225
250,GPT4,Zeroshot,5,0.05081797540187838,0.25081797540187833,0.6983640491962433
251,GPT4,Zeroshot,6,0.0,0.09110698103904724,0.9088930189609528
252,GPT4,Zeroshot,5,0.0,0.09139057993888855,0.9086094200611115
253,GPT4,Zeroshot,7,0.13496739566326144,0.7,0.16503260433673858
254,GPT4,Zeroshot,5,0.09394053518772127,0.29394053518772123,0.6121189296245575
255,GPT4,Zeroshot,7,0.03967038691043856,0.23967038691043852,0.7206592261791229
256,GPT4,Zeroshot,6,0.0747744679450989,0.27477446794509885,0.6504510641098022
257,GPT4,Zeroshot,6,0.0,0.023897230625152588,0.9761027693748474
258,GPT4,Zeroshot,6,0.00930803418159487,0.20930803418159483,0.7813839316368103
259,GPT4,Zeroshot,6,0.00259540379047396,0.20259540379047392,0.7948091924190521
260,GPT4,Zeroshot,6,0.0,0.0725526213645935,0.9274473786354065
261,GPT4,Zeroshot,6,0.0,0.16447347402572632,0.8355265259742737
262,GPT4,Zeroshot,6,0.0,0.1177361011505127,0.8822638988494873
263,GPT4,Zeroshot,6,0.0,0.08466291427612305,0.915337085723877
264,GPT4,Zeroshot,6,0.08052278459072115,0.2805227845907211,0.6389544308185577
265,GPT4,Zeroshot,6,0.02815348803997042,0.22815348803997038,0.7436930239200592
266,GPT4,Zeroshot,6,0.10255941152572634,0.4025594115257263,0.4948811769485474
267,GPT4,Zeroshot,6,0.0,0.15969061851501465,0.8403093814849854
268,GPT4,Zeroshot,6,0.024432176351547263,0.22443217635154722,0.7511356472969055
269,GPT4,Zeroshot,6,0.0,0.168350487947464,0.831649512052536
270,GPT4,Zeroshot,6,0.09361378252506258,0.29361378252506254,0.6127724349498749
271,GPT4,Zeroshot,7,0.04805547893047335,0.2480554789304733,0.7038890421390533
272,GPT4,Zeroshot,6,0.0,0.18464049696922302,0.815359503030777
273,GPT4,Zeroshot,7,0.04570960402488711,0.24570960402488706,0.7085807919502258
274,GPT4,Zeroshot,6,0.014491015672683738,0.2144910156726837,0.7710179686546326
275,GPT4,Zeroshot,6,0.1063831835985184,0.4063831835985183,0.4872336328029633
276,GPT4,Zeroshot,5,0.07010255157947543,0.2701025515794754,0.6597948968410492
277,GPT4,Zeroshot,5,0.0,0.10898458957672119,0.8910154104232788
278,GPT4,Zeroshot,7,0.0,0.15589144825935364,0.8441085517406464
279,GPT4,Zeroshot,6,0.08545599281787875,0.2854559928178787,0.6290880143642426
280,GPT4,Zeroshot,6,0.01770109832286837,0.21770109832286832,0.7645978033542633
281,GPT4,Zeroshot,6,0.0,0.12190228700637817,0.8780977129936218
282,GPT4,Zeroshot,6,0.0,0.0579717755317688,0.9420282244682312
283,GPT4,Zeroshot,6,0.03049334287643435,0.2304933428764343,0.7390133142471313
284,GPT4,Zeroshot,6,0.03507895171642306,0.235078951716423,0.7298420965671539
285,GPT4,Zeroshot,7,0.0,0.1315861940383911,0.8684138059616089
286,GPT4,Zeroshot,6,0.0,0.08537217974662781,0.9146278202533722
287,GPT4,Zeroshot,6,0.0,0.07463148236274719,0.9253685176372528
288,GPT4,Zeroshot,6,0.0,0.1708252727985382,0.8291747272014618
289,GPT4,Zeroshot,6,0.11087874472141268,0.4108787447214126,0.4782425105571747
290,GPT4,Zeroshot,7,0.0,0.1353074312210083,0.8646925687789917
291,GPT4,Zeroshot,7,0.0,0.13447564840316772,0.8655243515968323
292,GPT4,Zeroshot,6,0.14494983255863192,0.7,0.1550501674413681
293,GPT4,Zeroshot,7,0.0,0.1652941107749939,0.8347058892250061
294,GPT4,Zeroshot,6,0.04893421530723574,0.2489342153072357,0.7021315693855286
295,GPT4,Zeroshot,6,0.10735214650630953,0.40735214650630946,0.485295706987381
296,GPT4,Zeroshot,6,0.14657347798347475,0.7,0.15342652201652526
297,GPT4,Zeroshot,6,0.0,0.14668256044387817,0.8533174395561218
298,GPT4,Zeroshot,6,0.0,0.17438143491744995,0.82561856508255
299,GPT4,Zeroshot,6,0.12376891970634463,0.42376891970634456,0.4524621605873108
300,GPT4,Zeroshot,6,0.05677642822265627,0.25677642822265623,0.6864471435546875
301,GPT4,Zeroshot,7,0.0,0.06955984234809875,0.9304401576519012
302,GPT4,Zeroshot,6,0.0542441248893738,0.25424412488937376,0.6915117502212524
303,GPT4,Zeroshot,6,0.05680669248104098,0.25680669248104093,0.6863866150379181
304,GPT4,Zeroshot,7,0.0,0.12307298183441162,0.8769270181655884
305,GPT4,Zeroshot,5,0.09050861895084383,0.2905086189508438,0.6189827620983124
306,GPT4,Zeroshot,5,0.048728400468826316,0.24872840046882627,0.7025431990623474
307,GPT4,Zeroshot,7,0.08658012151718142,0.2865801215171814,0.6268397569656372
308,GPT4,Zeroshot,7,0.0711428612470627,0.27114286124706266,0.6577142775058746
309,GPT4,Zeroshot,6,0.0,0.06745702028274536,0.9325429797172546
310,GPT4,Zeroshot,6,0.010525101423263572,0.21052510142326353,0.7789497971534729
311,GPT4,Zeroshot,6,0.006321871280670188,0.20632187128067014,0.7873562574386597
312,GPT4,Zeroshot,6,0.0,0.12509408593177795,0.874905914068222
313,GPT4,Zeroshot,6,0.0,0.06072378158569336,0.9392762184143066
314,GPT4,Zeroshot,6,0.0,0.13727784156799316,0.8627221584320068
315,GPT4,Zeroshot,6,0.10126342773437502,0.40126342773437496,0.49747314453125
316,GPT4,Zeroshot,6,0.04310668408870699,0.24310668408870695,0.7137866318225861
317,GPT4,Zeroshot,7,0.03484083116054537,0.23484083116054533,0.7303183376789093
318,GPT4,Zeroshot,7,0.0,0.13901937007904053,0.8609806299209595
319,GPT4,Zeroshot,6,0.0,0.15505212545394897,0.844947874546051
320,GPT4,Zeroshot,6,0.0,0.08904939889907837,0.9109506011009216
321,GPT4,Zeroshot,6,0.0,0.10606515407562256,0.8939348459243774
322,GPT4,Zeroshot,6,0.0,0.15726494789123535,0.8427350521087646
323,GPT4,Zeroshot,6,0.13501725494861605,0.7,0.16498274505138397
324,GPT4,Zeroshot,6,0.01903399229049685,0.2190339922904968,0.7619320154190063
325,GPT4,Zeroshot,6,0.0,0.1125691831111908,0.8874308168888092
326,GPT4,Zeroshot,5,0.0,0.12354817986488342,0.8764518201351166
327,GPT4,Zeroshot,6,0.0749316453933716,0.27493164539337156,0.6501367092132568
328,GPT4,Zeroshot,6,0.11188904345035555,0.4118890434503555,0.47622191309928896
329,GPT4,Zeroshot,5,0.11671500802040102,0.41671500802040096,0.466569983959198
330,GPT4,Zeroshot,6,0.0,0.1957220733165741,0.8042779266834259
331,GPT4,Zeroshot,5,0.0801896393299103,0.28018963932991026,0.6396207213401794
332,GPT4,Zeroshot,6,0.0,0.10018989443778992,0.8998101055622101
333,GPT4,Zeroshot,6,0.06060423851013186,0.2606042385101318,0.6787915229797363
334,GPT4,Zeroshot,7,0.0,0.014302998781204224,0.9856970012187958
335,GPT4,Zeroshot,6,0.0,0.13443216681480408,0.8655678331851959
336,GPT4,Zeroshot,6,0.007043847441673301,0.20704384744167326,0.7859123051166534
337,GPT4,Zeroshot,6,0.0,0.14331185817718506,0.8566881418228149
338,GPT4,Zeroshot,6,0.11557877957820895,0.4155787795782089,0.4688424408435822
339,GPT4,Zeroshot,6,0.05278643369674685,0.2527864336967468,0.6944271326065063
340,GPT4,Zeroshot,6,0.05576669573783877,0.2557666957378387,0.6884666085243225
341,GPT4,Zeroshot,6,0.03969121873378756,0.23969121873378751,0.7206175625324249
342,GPT4,Zeroshot,6,0.14255123734474184,0.7,0.15744876265525817
343,GPT4,Zeroshot,6,0.0,0.04165482521057129,0.9583451747894287
344,GPT4,Zeroshot,6,0.0,0.12006232142448425,0.8799376785755157
345,GPT4,Zeroshot,6,0.008638778328895591,0.20863877832889555,0.7827224433422089
346,GPT4,Zeroshot,7,0.0,0.15865150094032288,0.8413484990596771
347,GPT4,Zeroshot,7,0.0,0.175330251455307,0.824669748544693
348,GPT4,Zeroshot,6,0.0,0.18460628390312195,0.815393716096878
349,GPT4,Zeroshot,7,0.11674625575542452,0.41674625575542446,0.466507488489151
350,GPT4,Zeroshot,6,0.0,0.1885269284248352,0.8114730715751648
351,GPT4,Zeroshot,5,0.13380021750926974,0.7,0.16619978249073028
352,GPT4,Zeroshot,6,0.01711089313030245,0.2171108931303024,0.7657782137393951
353,GPT4,Zeroshot,6,0.06670832037925722,0.2667083203792572,0.6665833592414856
354,GPT4,Zeroshot,6,0.0,0.08644288778305054,0.9135571122169495
355,GPT4,Zeroshot,6,0.0,0.046126216650009155,0.9538737833499908
356,GPT4,Zeroshot,6,0.06675759851932528,0.26675759851932523,0.6664848029613495
357,GPT4,Zeroshot,6,0.105205574631691,0.40520557463169093,0.48958885073661806
358,GPT4,Zeroshot,6,0.08253630399703982,0.2825363039970398,0.6349273920059204
359,GPT4,Zeroshot,6,0.07055791616439822,0.27055791616439817,0.6588841676712036
360,GPT4,Zeroshot,6,0.0,0.11841750144958496,0.881582498550415
361,GPT4,Zeroshot,6,0.0,0.0062951743602752686,0.9937048256397247
362,GPT4,Zeroshot,6,0.0,0.09580305218696594,0.9041969478130341
363,GPT4,Zeroshot,6,0.0,0.09818956255912781,0.9018104374408722
364,GPT4,Zeroshot,6,0.0,0.027791827917099,0.972208172082901
365,GPT4,Zeroshot,6,0.046547824144363426,0.24654782414436338,0.7069043517112732
366,GPT4,Zeroshot,6,0.0,0.0233364999294281,0.9766635000705719
367,GPT4,Zeroshot,6,0.0,0.1444670855998993,0.8555329144001007
368,GPT4,Zeroshot,6,0.00036544501781465843,0.20036544501781461,0.7992691099643707
369,GPT4,Zeroshot,6,0.08068102002143862,0.2806810200214386,0.6386379599571228
370,GPT4,Zeroshot,6,0.08110792338848116,0.2811079233884811,0.6377841532230377
371,GPT4,Zeroshot,6,0.0315857917070389,0.23158579170703886,0.7368284165859222
372,GPT4,Zeroshot,6,0.0,0.13589361310005188,0.8641063868999481
373,GPT4,Zeroshot,7,0.11627879142761233,0.41627879142761226,0.4674424171447754
374,GPT4,Zeroshot,6,0.042921030521392844,0.2429210305213928,0.7141579389572144
375,GPT4,Zeroshot,6,0.14399209022521975,0.7,0.15600790977478027
376,GPT4,Zeroshot,6,0.04206625521183016,0.24206625521183012,0.7158674895763397
377,GPT4,Zeroshot,6,0.0,0.10244709253311157,0.8975529074668884
378,GPT4,Zeroshot,6,0.14369947612285616,0.7,0.15630052387714385
379,GPT4,Zeroshot,5,0.022922807931900047,0.2229228079319,0.7541543841362
380,GPT4,Zeroshot,6,0.0,0.05519765615463257,0.9448023438453674
381,GPT4,Zeroshot,7,0.053820648789405845,0.2538206487894058,0.6923587024211884
382,GPT4,Zeroshot,6,0.019123131036758445,0.2191231310367584,0.7617537379264832
383,GPT4,Zeroshot,7,0.0,0.10530099272727966,0.8946990072727203
384,GPT4,Zeroshot,6,0.0,0.09905830025672913,0.9009416997432709
385,GPT4,Zeroshot,6,0.033431032299995445,0.2334310322999954,0.7331379354000092
386,GPT4,Zeroshot,6,0.06602200269699099,0.26602200269699094,0.6679559946060181
387,GPT4,Zeroshot,6,0.10909769833087923,0.40909769833087917,0.4818046033382416
388,GPT4,Zeroshot,6,0.0,0.1398186981678009,0.8601813018321991
389,GPT4,Zeroshot,6,0.06334463655948641,0.26334463655948637,0.6733107268810272
390,GPT4,Zeroshot,6,0.009427839517593406,0.20942783951759336,0.7811443209648132
391,GPT4,Zeroshot,6,0.05165528655052187,0.25165528655052183,0.6966894268989563
392,GPT4,Zeroshot,7,0.03443987071514132,0.23443987071514127,0.7311202585697174
393,GPT4,Zeroshot,6,0.0,0.19605949521064758,0.8039405047893524
394,GPT4,Zeroshot,6,0.0,0.07879078388214111,0.9212092161178589
395,GPT4,Zeroshot,7,0.0,0.06685978174209595,0.933140218257904
396,GPT4,Zeroshot,6,0.02612077593803408,0.22612077593803404,0.7477584481239319
397,GPT4,Zeroshot,6,0.01891390383243563,0.21891390383243559,0.7621721923351288
398,GPT4,Zeroshot,6,0.04358557760715487,0.24358557760715482,0.7128288447856903
399,GPT4,Zeroshot,6,0.0,0.17064818739891052,0.8293518126010895
400,GPT4,Zeroshot,6,0.07238593101501467,0.2723859310150146,0.6552281379699707
401,GPT4,Zeroshot,6,0.050205239653587364,0.2502052396535873,0.6995895206928253
402,GPT4,Zeroshot,6,0.12489622235298159,0.4248962223529815,0.4502075552940369
403,GPT4,Zeroshot,6,0.00794043540954592,0.20794043540954588,0.7841191291809082
404,GPT4,Zeroshot,6,0.014320456981658958,0.2143204569816589,0.7713590860366821
405,GPT4,Zeroshot,7,0.04821185171604159,0.24821185171604154,0.7035762965679169
406,GPT4,Zeroshot,6,0.0,0.08233851194381714,0.9176614880561829
407,GPT4,Zeroshot,6,0.0,0.12466362118721008,0.8753363788127899
408,GPT4,Zeroshot,6,0.0,0.09494718909263611,0.9050528109073639
409,GPT4,Zeroshot,6,0.0703828424215317,0.27038284242153166,0.6592343151569366
410,GPT4,Zeroshot,6,0.05728634595870974,0.2572863459587097,0.6854273080825806
411,GPT4,Zeroshot,6,0.0,0.05085408687591553,0.9491459131240845
412,GPT4,Zeroshot,6,0.0,0.19009196758270264,0.8099080324172974
413,GPT4,Zeroshot,6,0.05669856965541842,0.2566985696554184,0.6866028606891632
414,GPT4,Zeroshot,7,0.0,0.13187828660011292,0.8681217133998871
415,GPT4,Zeroshot,7,0.0,0.042357414960861206,0.9576425850391388
416,GPT4,Zeroshot,6,0.0,0.08355867862701416,0.9164413213729858
417,GPT4,Zeroshot,6,0.14386411905288699,0.7,0.15613588094711303
418,GPT4,Zeroshot,6,0.05182846784591677,0.2518284678459167,0.6963430643081665
419,GPT4,Zeroshot,6,0.0,0.1754072606563568,0.8245927393436432
420,GPT4,Zeroshot,7,0.02392145395278933,0.22392145395278928,0.7521570920944214
421,GPT4,Zeroshot,6,0.0,0.05106058716773987,0.9489394128322601
422,GPT4,Zeroshot,6,0.005562344193458579,0.20556234419345853,0.7888753116130829
423,GPT4,Zeroshot,5,0.07417441308498385,0.2741744130849838,0.6516511738300323
424,GPT4,Zeroshot,6,0.0,0.04272302985191345,0.9572769701480865
425,GPT4,Zeroshot,6,0.0,0.114702969789505,0.885297030210495
426,GPT4,Zeroshot,6,0.03519185781478884,0.2351918578147888,0.7296162843704224
427,GPT4,Zeroshot,7,0.0,0.1428699791431427,0.8571300208568573
428,GPT4,Zeroshot,6,0.028164961934089683,0.22816496193408964,0.7436700761318207
429,GPT4,Zeroshot,6,0.11268224716186526,0.4126822471618652,0.47463550567626955
430,GPT4,Zeroshot,6,0.0,0.10771453380584717,0.8922854661941528
431,GPT4,Zeroshot,6,0.0654169410467148,0.26541694104671476,0.6691661179065704
432,GPT4,Zeroshot,6,0.0,0.12755781412124634,0.8724421858787537
433,GPT4,Zeroshot,6,0.009423175454139732,0.2094231754541397,0.7811536490917206
434,GPT4,Zeroshot,6,0.10691712200641634,0.4069171220064163,0.4861657559871674
435,GPT4,Zeroshot,6,0.0860865503549576,0.28608655035495756,0.6278268992900848
436,GPT4,Zeroshot,6,0.11089442074298861,0.41089442074298854,0.47821115851402285
437,GPT4,Zeroshot,6,0.08477171659469607,0.284771716594696,0.6304565668106079
438,GPT4,Zeroshot,7,0.0,0.14263641834259033,0.8573635816574097
439,GPT4,Zeroshot,6,0.0,0.18383008241653442,0.8161699175834656
440,GPT4,Zeroshot,7,0.0,0.17738521099090576,0.8226147890090942
441,GPT4,Zeroshot,7,0.020827659964561485,0.22082765996456144,0.7583446800708771
442,GPT4,Zeroshot,6,0.0,0.11316245794296265,0.8868375420570374
443,GPT4,Zeroshot,6,0.0,0.10525262355804443,0.8947473764419556
444,GPT4,Zeroshot,7,0.05371537208557131,0.25371537208557127,0.6925692558288574
445,GPT4,Zeroshot,6,0.08557941913604739,0.28557941913604734,0.6288411617279053
446,GPT4,Zeroshot,6,0.13150515556335451,0.7,0.1684948444366455
447,GPT4,Zeroshot,6,0.01403070390224459,0.21403070390224455,0.7719385921955109
448,GPT4,Zeroshot,6,0.14240246415138247,0.7,0.15759753584861755
449,GPT4,Zeroshot,6,0.0,0.18202003836631775,0.8179799616336823
450,GPT4,Zeroshot,6,0.01638717353343966,0.21638717353343961,0.7672256529331207
451,GPT4,Zeroshot,6,0.09076552987098696,0.2907655298709869,0.6184689402580261
452,GPT4,Zeroshot,6,0.0,0.1593543291091919,0.8406456708908081
453,GPT4,Zeroshot,6,0.031437435746192954,0.2314374357461929,0.7371251285076141
454,GPT4,Zeroshot,6,0.07480488121509554,0.2748048812150955,0.650390237569809
455,GPT4,Zeroshot,6,0.02692356109619143,0.22692356109619138,0.7461528778076172
456,GPT4,Zeroshot,7,0.0,0.14280369877815247,0.8571963012218475
457,GPT4,Zeroshot,6,0.0,0.14541617035865784,0.8545838296413422
458,GPT4,Zeroshot,7,0.0,0.17600908875465393,0.8239909112453461
459,GPT4,Zeroshot,6,0.06794827580451968,0.26794827580451963,0.6641034483909607
460,GPT4,Zeroshot,6,0.0,0.15069973468780518,0.8493002653121948
461,GPT4,Zeroshot,7,0.0,0.11489465832710266,0.8851053416728973
462,GPT4,Zeroshot,6,0.002754682302474998,0.20275468230247495,0.79449063539505
463,GPT4,Zeroshot,7,0.0,0.12579938769340515,0.8742006123065948
464,GPT4,Zeroshot,6,0.0,0.08231574296951294,0.9176842570304871
465,GPT4,Zeroshot,6,0.008539447188377403,0.20853944718837736,0.7829211056232452
466,GPT4,Zeroshot,6,0.03911932706832888,0.23911932706832884,0.7217613458633423
467,GPT4,Zeroshot,6,0.019540348649024986,0.21954034864902494,0.7609193027019501
468,GPT4,Zeroshot,6,0.0,0.019267231225967407,0.9807327687740326
469,GPT4,Zeroshot,6,0.07775081098079684,0.2777508109807968,0.6444983780384064
470,GPT4,Zeroshot,7,0.0,0.11625328660011292,0.8837467133998871
471,GPT4,Zeroshot,6,0.0,0.1283198595046997,0.8716801404953003
472,GPT4,Zeroshot,6,0.0,0.12178787589073181,0.8782121241092682
473,GPT4,Zeroshot,6,0.07597566545009615,0.2759756654500961,0.6480486690998077
474,GPT4,Zeroshot,6,0.10375619828701022,0.40375619828701015,0.49248760342597964
475,GPT4,Zeroshot,7,0.0,0.1857546865940094,0.8142453134059906
476,GPT4,Zeroshot,6,0.0,0.10801205039024353,0.8919879496097565
477,GPT4,Zeroshot,6,0.048290693759918235,0.2482906937599182,0.7034186124801636
478,GPT4,Zeroshot,6,0.0,0.1966436803340912,0.8033563196659088
479,GPT4,Zeroshot,7,0.0,0.1896699070930481,0.8103300929069519
480,GPT4,Zeroshot,6,0.0,0.1479867696762085,0.8520132303237915
481,GPT4,Zeroshot,5,0.0,0.0999092161655426,0.9000907838344574
482,GPT4,Zeroshot,6,0.07183035612106325,0.2718303561210632,0.6563392877578735
483,GPT4,Zeroshot,6,0.0,0.17085474729537964,0.8291452527046204
484,GPT4,Zeroshot,6,0.0,0.05335596203804016,0.9466440379619598
485,GPT4,Zeroshot,6,0.0,0.01939210295677185,0.9806078970432281
486,GPT4,Zeroshot,6,0.012292528152465843,0.2122925281524658,0.7754149436950684
487,GPT4,Zeroshot,6,0.0,0.11795192956924438,0.8820480704307556
488,GPT4,Zeroshot,6,0.01005559563636782,0.21005559563636778,0.7798888087272644
489,GPT4,Zeroshot,6,0.028272056579589866,0.22827205657958982,0.7434558868408203
490,GPT4,Zeroshot,7,0.05247130393981936,0.2524713039398193,0.6950573921203613
491,GPT4,Zeroshot,6,0.08152277171611788,0.28152277171611784,0.6369544565677643
492,GPT4,Zeroshot,6,0.0,0.0740954577922821,0.9259045422077179
493,GPT4,Zeroshot,7,0.0,0.07512646913528442,0.9248735308647156
494,GPT4,Zeroshot,6,0.09322364032268526,0.2932236403226852,0.6135527193546295
495,GPT4,Zeroshot,6,0.0,0.11796718835830688,0.8820328116416931
496,GPT4,Zeroshot,6,0.11394497156143191,0.41394497156143184,0.47211005687713625
497,GPT4,Zeroshot,6,0.0,0.06195002794265747,0.9380499720573425
498,GPT4,Zeroshot,6,0.015602150559425376,0.21560215055942533,0.7687956988811493
