chain_id,model,method,num_emails,sentiment_neg,sentiment_neu,sentiment_pos
0,Claude,Zeroshot,6,0.0655630022287369,0.26556300222873686,0.6688739955425262
1,Claude,Zeroshot,6,0.12537662088871004,0.7,0.17462337911128997
2,Claude,Zeroshot,6,0.12132606804370882,0.42132606804370876,0.4573478639125824
3,Claude,Zeroshot,6,0.04055033028125765,0.2405503302812576,0.7188993394374847
4,Claude,Zeroshot,6,0.0,0.038150519132614136,0.9618494808673859
5,Claude,Zeroshot,6,0.14356564879417422,0.7,0.1564343512058258
6,Claude,Zeroshot,6,0.05449136495590212,0.2544913649559021,0.6910172700881958
7,Claude,Zeroshot,6,0.0,0.052025556564331055,0.947974443435669
8,Claude,Zeroshot,6,0.0,0.17105254530906677,0.8289474546909332
9,Claude,Zeroshot,6,0.010832348465919517,0.21083234846591947,0.778335303068161
10,Claude,Zeroshot,6,0.053774991631507896,0.25377499163150785,0.6924500167369843
11,Claude,Zeroshot,6,0.1443024665117264,0.7,0.15569753348827362
12,Claude,Zeroshot,6,0.0867579519748688,0.28675795197486875,0.6264840960502625
13,Claude,Zeroshot,6,0.04234291017055514,0.2423429101705551,0.7153141796588898
14,Claude,Zeroshot,6,0.05524555742740633,0.2552455574274063,0.6895088851451874
15,Claude,Zeroshot,7,0.1493875026702881,0.7,0.1506124973297119
16,Claude,Zeroshot,6,0.14043770134449007,0.7,0.15956229865550994
17,Claude,Zeroshot,6,0.14819913506507876,0.7,0.15180086493492126
18,Claude,Zeroshot,6,0.09535537064075472,0.2953553706407547,0.6092892587184906
19,Claude,Zeroshot,6,0.0,0.17788970470428467,0.8221102952957153
20,Claude,Zeroshot,6,0.12546203434467318,0.7,0.17453796565532684
21,Claude,Zeroshot,6,0.09805940985679629,0.29805940985679624,0.6038811802864075
22,Claude,Zeroshot,6,0.14562428891658785,0.7,0.15437571108341216
23,Claude,Zeroshot,6,0.08692417442798617,0.2869241744279861,0.6261516511440277
24,Claude,Zeroshot,6,0.1381175756454468,0.7,0.16188242435455322
25,Claude,Zeroshot,6,0.14887037277221682,0.7,0.1511296272277832
26,Claude,Zeroshot,6,0.0,0.049371808767318726,0.9506281912326813
27,Claude,Zeroshot,6,0.0,0.127327561378479,0.872672438621521
28,Claude,Zeroshot,6,0.129498028755188,0.7,0.170501971244812
29,Claude,Zeroshot,6,0.08664076924324038,0.28664076924324033,0.6267184615135193
30,Claude,Zeroshot,6,0.1493085712194443,0.7,0.15069142878055572
31,Claude,Zeroshot,6,0.09938017427921297,0.29938017427921293,0.6012396514415741
32,Claude,Zeroshot,6,0.0,0.12495788931846619,0.8750421106815338
33,Claude,Zeroshot,7,0.0,0.11431589722633362,0.8856841027736664
34,Claude,Zeroshot,6,0.013267391920089744,0.2132673919200897,0.7734652161598206
35,Claude,Zeroshot,6,0.0,0.18638309836387634,0.8136169016361237
36,Claude,Zeroshot,6,0.03133482635021212,0.23133482635021207,0.7373303472995758
37,Claude,Zeroshot,6,0.07587240040302279,0.27587240040302274,0.6482551991939545
38,Claude,Zeroshot,6,0.1305058687925339,0.7,0.16949413120746612
39,Claude,Zeroshot,6,0.0,0.023351013660430908,0.9766489863395691
40,Claude,Zeroshot,6,0.051711910963058494,0.25171191096305845,0.6965761780738831
41,Claude,Zeroshot,7,0.0,0.18017235398292542,0.8198276460170746
42,Claude,Zeroshot,6,0.0,0.07319644093513489,0.9268035590648651
43,Claude,Zeroshot,6,0.12584651410579684,0.7,0.17415348589420318
44,Claude,Zeroshot,6,0.13879751563072207,0.7,0.16120248436927795
45,Claude,Zeroshot,6,0.09074867665767672,0.2907486766576767,0.6185026466846466
46,Claude,Zeroshot,6,0.03821031153202059,0.23821031153202055,0.7235793769359589
47,Claude,Zeroshot,6,0.0,0.08863398432731628,0.9113660156726837
48,Claude,Zeroshot,6,0.0,0.07319831848144531,0.9268016815185547
49,Claude,Zeroshot,6,0.13621380329132082,0.7,0.1637861967086792
50,Claude,Zeroshot,6,0.14976696074008944,0.7,0.15023303925991058
51,Claude,Zeroshot,6,0.0,0.12639069557189941,0.8736093044281006
52,Claude,Zeroshot,6,0.13041833937168124,0.7,0.16958166062831878
53,Claude,Zeroshot,6,0.10799376070499422,0.40799376070499416,0.4840124785900116
54,Claude,Zeroshot,6,0.053375312685966514,0.25337531268596647,0.693249374628067
55,Claude,Zeroshot,6,0.011625999212265037,0.211625999212265,0.77674800157547
56,Claude,Zeroshot,6,0.13496465384960177,0.7,0.16503534615039825
57,Claude,Zeroshot,6,0.09624800980091097,0.2962480098009109,0.6075039803981781
58,Claude,Zeroshot,6,0.0,0.16337883472442627,0.8366211652755737
59,Claude,Zeroshot,6,0.1331158518791199,0.7,0.16688414812088012
60,Claude,Zeroshot,6,0.06537156701087954,0.2653715670108795,0.669256865978241
61,Claude,Zeroshot,6,0.1155364900827408,0.41553649008274074,0.46892701983451845
62,Claude,Zeroshot,6,0.0269413083791733,0.22694130837917326,0.7461173832416534
63,Claude,Zeroshot,7,0.14557748436927798,0.7,0.15442251563072204
64,Claude,Zeroshot,6,0.11968856453895571,0.41968856453895564,0.46062287092208865
65,Claude,Zeroshot,6,0.14297951161861422,0.7,0.1570204883813858
66,Claude,Zeroshot,6,0.0,0.1256442666053772,0.8743557333946228
67,Claude,Zeroshot,6,0.0,0.04092314839363098,0.959076851606369
68,Claude,Zeroshot,6,0.0,0.019117027521133423,0.9808829724788666
69,Claude,Zeroshot,6,0.14814361333847048,0.7,0.15185638666152954
70,Claude,Zeroshot,6,0.10218999683856966,0.4021899968385696,0.49562000632286074
71,Claude,Zeroshot,6,0.0,0.12497702240943909,0.8750229775905609
72,Claude,Zeroshot,6,0.1383675277233124,0.7,0.16163247227668762
73,Claude,Zeroshot,6,0.0,0.08970844745635986,0.9102915525436401
74,Claude,Zeroshot,6,0.0674139201641083,0.26741392016410825,0.6651721596717834
75,Claude,Zeroshot,6,0.10506152510643008,0.40506152510643,0.4898769497871399
76,Claude,Zeroshot,6,0.08605947494506838,0.28605947494506834,0.6278810501098633
77,Claude,Zeroshot,6,0.0,0.1302379071712494,0.8697620928287506
78,Claude,Zeroshot,6,0.0,0.09251651167869568,0.9074834883213043
79,Claude,Zeroshot,6,0.014616900682449363,0.21461690068244932,0.7707661986351013
80,Claude,Zeroshot,6,0.059206613898277305,0.25920661389827726,0.6815867722034454
81,Claude,Zeroshot,6,0.0,0.05733802914619446,0.9426619708538055
82,Claude,Zeroshot,6,0.07438858747482302,0.274388587474823,0.651222825050354
83,Claude,Zeroshot,6,0.03278438150882723,0.2327843815088272,0.7344312369823456
84,Claude,Zeroshot,6,0.0,0.06336227059364319,0.9366377294063568
85,Claude,Zeroshot,7,0.0,0.057730644941329956,0.94226935505867
86,Claude,Zeroshot,6,0.10293956995010378,0.4029395699501037,0.4941208600997925
87,Claude,Zeroshot,6,0.0,0.011042028665542603,0.9889579713344574
88,Claude,Zeroshot,6,0.11418108046054842,0.41418108046054836,0.4716378390789032
89,Claude,Zeroshot,6,0.14399095773696902,0.7,0.156009042263031
90,Claude,Zeroshot,6,0.0,0.053870558738708496,0.9461294412612915
91,Claude,Zeroshot,7,0.0,0.07554963231086731,0.9244503676891327
92,Claude,Zeroshot,6,0.08610394001007082,0.2861039400100708,0.6277921199798584
93,Claude,Zeroshot,6,0.011991629004478477,0.21199162900447843,0.7760167419910431
94,Claude,Zeroshot,6,0.009226480126380943,0.2092264801263809,0.7815470397472382
95,Claude,Zeroshot,6,0.134940379858017,0.7,0.16505962014198303
96,Claude,Zeroshot,6,0.14235412478446963,0.7,0.1576458752155304
97,Claude,Zeroshot,6,0.0667805463075638,0.26678054630756376,0.6664389073848724
98,Claude,Zeroshot,6,0.08207536637783053,0.2820753663778305,0.635849267244339
99,Claude,Zeroshot,6,0.10548257231712344,0.40548257231712337,0.4890348553657532
100,Claude,Zeroshot,6,0.0970363259315491,0.29703632593154905,0.6059273481369019
101,Claude,Zeroshot,6,0.0,0.16573497653007507,0.8342650234699249
102,Claude,Zeroshot,6,0.11182249486446383,0.41182249486446376,0.4763550102710724
103,Claude,Zeroshot,7,0.0,0.013555318117141724,0.9864446818828583
104,Claude,Zeroshot,6,0.1203367203474045,0.42033672034740444,0.45932655930519106
105,Claude,Zeroshot,6,0.13477678000926974,0.7,0.16522321999073028
106,Claude,Zeroshot,6,0.0,0.030946284532546997,0.969053715467453
107,Claude,Zeroshot,6,0.14350264668464663,0.7,0.1564973533153534
108,Claude,Zeroshot,6,0.06595816612243655,0.2659581661224365,0.668083667755127
109,Claude,Zeroshot,6,0.04968469738960268,0.24968469738960264,0.7006306052207947
110,Claude,Zeroshot,6,0.0,0.02664315700531006,0.9733568429946899
111,Claude,Zeroshot,6,0.0,0.03318789601325989,0.9668121039867401
112,Claude,Zeroshot,6,0.0,0.17316147685050964,0.8268385231494904
113,Claude,Zeroshot,7,0.11798376739025118,0.4179837673902511,0.4640324652194977
114,Claude,Zeroshot,6,0.14844260513782503,0.7,0.15155739486217498
115,Claude,Zeroshot,6,0.0809223145246506,0.28092231452465055,0.6381553709506989
116,Claude,Zeroshot,6,0.0,0.13401424884796143,0.8659857511520386
117,Claude,Zeroshot,6,0.013210514187812827,0.21321051418781278,0.7735789716243744
118,Claude,Zeroshot,6,0.0,0.17617005109786987,0.8238299489021301
119,Claude,Zeroshot,6,0.0,0.03220009803771973,0.9677999019622803
120,Claude,Zeroshot,6,0.14725963175296786,0.7,0.15274036824703216
121,Claude,Zeroshot,6,0.013422542810440086,0.21342254281044004,0.7731549143791199
122,Claude,Zeroshot,6,0.14591025710105898,0.7,0.15408974289894103
123,Claude,Zeroshot,6,0.12358454763889315,0.4235845476388931,0.45283090472221377
124,Claude,Zeroshot,6,0.0,0.11644342541694641,0.8835565745830536
125,Claude,Zeroshot,6,0.040415221452713035,0.240415221452713,0.719169557094574
126,Claude,Zeroshot,6,0.13671115934848788,0.7,0.16328884065151214
127,Claude,Zeroshot,6,0.12636575996875765,0.7,0.17363424003124237
128,Claude,Zeroshot,6,0.014319816231727622,0.21431981623172758,0.7713603675365448
129,Claude,Zeroshot,6,0.12637106478214266,0.7,0.17362893521785736
130,Claude,Zeroshot,6,0.0,0.04779180884361267,0.9522081911563873
131,Claude,Zeroshot,6,0.11248421072959902,0.41248421072959895,0.475031578540802
132,Claude,Zeroshot,6,0.09537191092967989,0.29537191092967985,0.6092561781406403
133,Claude,Zeroshot,6,0.011899539828300498,0.21189953982830045,0.776200920343399
134,Claude,Zeroshot,6,0.0,0.09580585360527039,0.9041941463947296
135,Claude,Zeroshot,6,0.0,0.07185792922973633,0.9281420707702637
136,Claude,Zeroshot,6,0.0,0.08925336599349976,0.9107466340065002
137,Claude,Zeroshot,6,0.13807242512702944,0.7,0.16192757487297058
138,Claude,Zeroshot,6,0.05370188653469088,0.25370188653469083,0.6925962269306183
139,Claude,Zeroshot,6,0.04699099957942965,0.2469909995794296,0.7060180008411407
140,Claude,Zeroshot,6,0.0,0.1285671889781952,0.8714328110218048
141,Claude,Zeroshot,6,0.12638142108917239,0.7,0.17361857891082763
142,Claude,Zeroshot,6,0.0024082750082016213,0.20240827500820158,0.7951834499835968
143,Claude,Zeroshot,6,0.14422250688076022,0.7,0.1557774931192398
144,Claude,Zeroshot,6,0.0328738331794739,0.23287383317947385,0.7342523336410522
145,Claude,Zeroshot,6,0.007941612601280235,0.2079416126012802,0.7841167747974396
146,Claude,Zeroshot,6,0.0,0.1640775203704834,0.8359224796295166
147,Claude,Zeroshot,6,0.12263769805431368,0.4226376980543136,0.4547246038913727
148,Claude,Zeroshot,6,0.12075086832046511,0.42075086832046504,0.45849826335906985
149,Claude,Zeroshot,6,0.07338296771049502,0.273382967710495,0.65323406457901
150,Claude,Zeroshot,6,0.1466307431459427,0.7,0.1533692568540573
151,Claude,Zeroshot,6,0.13410713672637942,0.7,0.1658928632736206
152,Claude,Zeroshot,6,0.018766993284225486,0.21876699328422544,0.7624660134315491
153,Claude,Zeroshot,6,0.14462780356407168,0.7,0.15537219643592834
154,Claude,Zeroshot,6,0.0,0.04831039905548096,0.951689600944519
155,Claude,Zeroshot,6,0.11730037033557894,0.4173003703355789,0.4653992593288422
156,Claude,Zeroshot,6,0.11692721545696261,0.41692721545696254,0.46614556908607485
157,Claude,Zeroshot,6,0.0,0.1146104633808136,0.8853895366191864
158,Claude,Zeroshot,6,0.07621350288391116,0.2762135028839111,0.6475729942321777
159,Claude,Zeroshot,6,0.0,0.14289984107017517,0.8571001589298248
160,Claude,Zeroshot,6,0.0,0.037103116512298584,0.9628968834877014
161,Claude,Zeroshot,6,0.05117052197456362,0.2511705219745636,0.6976589560508728
162,Claude,Zeroshot,6,0.04921587705612185,0.2492158770561218,0.7015682458877563
163,Claude,Zeroshot,6,0.1278370559215546,0.7,0.17216294407844543
164,Claude,Zeroshot,6,0.10010063052177431,0.40010063052177425,0.49979873895645144
165,Claude,Zeroshot,7,0.07139248549938204,0.271392485499382,0.657215029001236
166,Claude,Zeroshot,6,0.0,0.1443726122379303,0.8556273877620697
167,Claude,Zeroshot,6,0.12657340764999392,0.7,0.1734265923500061
168,Claude,Zeroshot,6,0.0,0.010233670473098755,0.9897663295269012
169,Claude,Zeroshot,6,0.0,0.08073997497558594,0.9192600250244141
170,Claude,Zeroshot,6,0.0,0.028084367513656616,0.9719156324863434
171,Claude,Zeroshot,6,0.0,0.12202557921409607,0.8779744207859039
172,Claude,Zeroshot,6,0.0,0.020651042461395264,0.9793489575386047
173,Claude,Zeroshot,6,0.10461055636405947,0.4046105563640594,0.4907788872718811
174,Claude,Zeroshot,6,0.1286750674247742,0.7,0.17132493257522582
175,Claude,Zeroshot,6,0.003196367621421836,0.2031963676214218,0.7936072647571564
176,Claude,Zeroshot,6,0.0727922707796097,0.27279227077960966,0.6544154584407806
177,Claude,Zeroshot,7,0.11603222191333773,0.41603222191333766,0.4679355561733246
178,Claude,Zeroshot,6,0.0968704015016556,0.29687040150165556,0.6062591969966888
179,Claude,Zeroshot,6,0.0,0.1972861886024475,0.8027138113975525
180,Claude,Zeroshot,7,0.07587198317050936,0.2758719831705093,0.6482560336589813
181,Claude,Zeroshot,6,0.1497476935386658,0.7,0.15025230646133422
182,Claude,Zeroshot,6,0.05163783729076388,0.25163783729076383,0.6967243254184723
183,Claude,Zeroshot,6,0.05505410730838778,0.25505410730838773,0.6898917853832245
184,Claude,Zeroshot,6,0.0,0.01999679207801819,0.9800032079219818
185,Claude,Zeroshot,6,0.11135410666465761,0.41135410666465755,0.47729178667068484
186,Claude,Zeroshot,6,0.01079138517379763,0.21079138517379759,0.7784172296524048
187,Claude,Zeroshot,6,0.1278854995965958,0.7,0.17211450040340423
188,Claude,Zeroshot,6,0.10607116818428042,0.40607116818428035,0.48785766363143923
189,Claude,Zeroshot,6,0.0,0.1936115324497223,0.8063884675502777
190,Claude,Zeroshot,6,0.08959009647369387,0.2895900964736938,0.6208198070526123
191,Claude,Zeroshot,6,0.0,0.17870193719863892,0.8212980628013611
192,Claude,Zeroshot,6,0.04228513836860659,0.24228513836860655,0.7154297232627869
193,Claude,Zeroshot,6,0.0,0.03763529658317566,0.9623647034168243
194,Claude,Zeroshot,6,0.0,0.1987549364566803,0.8012450635433197
195,Claude,Zeroshot,6,0.13212559521198275,0.7,0.16787440478801727
196,Claude,Zeroshot,6,0.0,0.10733810067176819,0.8926618993282318
197,Claude,Zeroshot,6,0.03913945853710177,0.23913945853710172,0.7217210829257965
198,Claude,Zeroshot,6,0.08807104229927065,0.2880710422992706,0.6238579154014587
199,Claude,Zeroshot,6,0.14736252427101137,0.7,0.15263747572898864
200,Claude,Zeroshot,6,0.11405643224716189,0.4140564322471618,0.4718871355056763
201,Claude,Zeroshot,6,0.14178828299045565,0.7,0.15821171700954437
202,Claude,Zeroshot,6,0.0,0.19253075122833252,0.8074692487716675
203,Claude,Zeroshot,6,0.0,0.0394919216632843,0.9605080783367157
204,Claude,Zeroshot,6,0.0,0.07946664094924927,0.9205333590507507
205,Claude,Zeroshot,6,0.0,0.0673140287399292,0.9326859712600708
206,Claude,Zeroshot,6,0.0,0.19264936447143555,0.8073506355285645
207,Claude,Zeroshot,7,0.019183659553527854,0.2191836595535278,0.7616326808929443
208,Claude,Zeroshot,6,0.14826318025588991,0.7,0.1517368197441101
209,Claude,Zeroshot,6,0.09321940839290621,0.29321940839290617,0.6135611832141876
210,Claude,Zeroshot,6,0.0692299544811249,0.26922995448112486,0.6615400910377502
211,Claude,Zeroshot,6,0.1484782785177231,0.7,0.1515217214822769
212,Claude,Zeroshot,6,0.0,0.047603219747543335,0.9523967802524567
213,Claude,Zeroshot,6,0.0,0.18264535069465637,0.8173546493053436
214,Claude,Zeroshot,6,0.06593554615974428,0.26593554615974424,0.6681289076805115
215,Claude,Zeroshot,6,0.0,0.043120115995407104,0.9568798840045929
216,Claude,Zeroshot,6,0.0,0.07261204719543457,0.9273879528045654
217,Claude,Zeroshot,6,0.1291415482759476,0.7,0.17085845172405242
218,Claude,Zeroshot,6,0.0,0.04292362928390503,0.957076370716095
219,Claude,Zeroshot,6,0.08066228926181795,0.2806622892618179,0.6386754214763641
220,Claude,Zeroshot,6,0.0,0.1042509377002716,0.8957490622997284
221,Claude,Zeroshot,6,0.0,0.06798821687698364,0.9320117831230164
222,Claude,Zeroshot,6,0.0,0.011033177375793457,0.9889668226242065
223,Claude,Zeroshot,6,0.017704108357429527,0.21770410835742948,0.764591783285141
224,Claude,Zeroshot,6,0.0680114269256592,0.26801142692565916,0.6639771461486816
225,Claude,Zeroshot,6,0.07469905316829684,0.2746990531682968,0.6506018936634064
226,Claude,Zeroshot,6,0.012377285957336448,0.2123772859573364,0.7752454280853271
227,Claude,Zeroshot,6,0.0,0.05015307664871216,0.9498469233512878
228,Claude,Zeroshot,6,0.1365330904722214,0.7,0.16346690952777862
229,Claude,Zeroshot,6,0.0,0.026824384927749634,0.9731756150722504
230,Claude,Zeroshot,6,0.0889738589525223,0.28897385895252226,0.6220522820949554
231,Claude,Zeroshot,6,0.0,0.10466611385345459,0.8953338861465454
232,Claude,Zeroshot,6,0.1239450812339783,0.4239450812339782,0.4521098375320435
233,Claude,Zeroshot,6,0.1039066404104233,0.40390664041042323,0.49218671917915346
234,Claude,Zeroshot,7,0.1205992788076401,0.42059927880764003,0.45880144238471987
235,Claude,Zeroshot,6,0.0,0.17161595821380615,0.8283840417861938
236,Claude,Zeroshot,6,0.13555296659469607,0.7,0.16444703340530395
237,Claude,Zeroshot,6,0.09788758456707003,0.29788758456707,0.60422483086586
238,Claude,Zeroshot,6,0.0,0.18811339139938354,0.8118866086006165
239,Claude,Zeroshot,6,0.050829270482063316,0.25082927048206327,0.6983414590358734
240,Claude,Zeroshot,6,0.14229356646537783,0.7,0.1577064335346222
241,Claude,Zeroshot,6,0.06480390727519991,0.26480390727519987,0.6703921854496002
242,Claude,Zeroshot,6,0.0,0.1325477659702301,0.8674522340297699
243,Claude,Zeroshot,6,0.016674393415451072,0.21667439341545103,0.7666512131690979
244,Claude,Zeroshot,6,0.011704051494598411,0.21170405149459837,0.7765918970108032
245,Claude,Zeroshot,6,0.03357284665107729,0.23357284665107725,0.7328543066978455
246,Claude,Zeroshot,6,0.0,0.15648841857910156,0.8435115814208984
247,Claude,Zeroshot,6,0.029205361008644126,0.22920536100864408,0.7415892779827118
248,Claude,Zeroshot,7,0.0,0.11983731389045715,0.8801626861095428
249,Claude,Zeroshot,6,0.12632654011249544,0.7,0.17367345988750457
250,Claude,Zeroshot,6,0.019388505816459678,0.21938850581645963,0.7612229883670807
251,Claude,Zeroshot,6,0.044800260663032554,0.2448002606630325,0.7103994786739349
252,Claude,Zeroshot,6,0.0,0.16234546899795532,0.8376545310020447
253,Claude,Zeroshot,6,0.11247290074825289,0.4124729007482528,0.4750541985034943
254,Claude,Zeroshot,6,0.13569661378860476,0.7,0.16430338621139526
255,Claude,Zeroshot,6,0.10228448510169985,0.4022844851016998,0.49543102979660036
256,Claude,Zeroshot,6,0.10416940748691561,0.40416940748691554,0.49166118502616885
257,Claude,Zeroshot,6,0.03031803071498873,0.2303180307149887,0.7393639385700226
258,Claude,Zeroshot,6,0.0,0.17860502004623413,0.8213949799537659
259,Claude,Zeroshot,6,0.0,0.07798948884010315,0.9220105111598969
260,Claude,Zeroshot,6,0.029388183355331443,0.2293881833553314,0.7412236332893372
261,Claude,Zeroshot,7,0.0671293377876282,0.26712933778762815,0.6657413244247437
262,Claude,Zeroshot,6,0.11796546876430514,0.41796546876430507,0.4640690624713898
263,Claude,Zeroshot,6,0.023822480440139793,0.22382248044013975,0.7523550391197205
264,Claude,Zeroshot,6,0.0,0.1447637379169464,0.8552362620830536
265,Claude,Zeroshot,6,0.10861594378948214,0.4086159437894821,0.4827681124210358
266,Claude,Zeroshot,6,0.1311738431453705,0.7,0.1688261568546295
267,Claude,Zeroshot,7,0.06257205605506899,0.26257205605506895,0.6748558878898621
268,Claude,Zeroshot,6,0.04744657278060915,0.2474465727806091,0.7051068544387817
269,Claude,Zeroshot,6,0.1361349314451218,0.7,0.16386506855487823
270,Claude,Zeroshot,6,0.10805779099464419,0.4080577909946441,0.4838844180107117
271,Claude,Zeroshot,6,0.0,0.156574547290802,0.843425452709198
272,Claude,Zeroshot,6,0.007741460204124473,0.20774146020412443,0.7845170795917511
273,Claude,Zeroshot,7,0.14857483804225924,0.7,0.15142516195774078
274,Claude,Zeroshot,6,0.0,0.11500173807144165,0.8849982619285583
275,Claude,Zeroshot,6,0.08984939157962801,0.28984939157962797,0.620301216840744
276,Claude,Zeroshot,6,0.061944285035133384,0.26194428503513334,0.6761114299297333
277,Claude,Zeroshot,6,0.0878229230642319,0.28782292306423185,0.6243541538715363
278,Claude,Zeroshot,6,0.04837971329689028,0.24837971329689024,0.7032405734062195
279,Claude,Zeroshot,6,0.0,0.14715838432312012,0.8528416156768799
280,Claude,Zeroshot,6,0.14613994359970095,0.7,0.15386005640029907
281,Claude,Zeroshot,6,0.12946156561374667,0.7,0.17053843438625335
282,Claude,Zeroshot,6,0.14506351351737978,0.7,0.15493648648262023
283,Claude,Zeroshot,6,0.0,0.0724443793296814,0.9275556206703186
284,Claude,Zeroshot,7,0.12321753203868868,0.4232175320386886,0.4535649359226227
285,Claude,Zeroshot,7,0.1485228627920151,0.7,0.15147713720798492
286,Claude,Zeroshot,6,0.07755585908889773,0.2775558590888977,0.6448882818222046
287,Claude,Zeroshot,6,0.14674741923809054,0.7,0.15325258076190948
288,Claude,Zeroshot,6,0.1252278029918671,0.7,0.17477219700813293
289,Claude,Zeroshot,6,0.07735546827316286,0.2773554682731628,0.6452890634536743
290,Claude,Zeroshot,6,0.017190867662429832,0.2171908676624298,0.7656182646751404
291,Claude,Zeroshot,7,0.14682654440402987,0.7,0.15317345559597015
292,Claude,Zeroshot,6,0.0,0.080902099609375,0.919097900390625
293,Claude,Zeroshot,6,0.0,0.1701551079750061,0.8298448920249939
294,Claude,Zeroshot,7,0.0,0.0536612868309021,0.9463387131690979
295,Claude,Zeroshot,6,0.08282490968704226,0.2828249096870422,0.6343501806259155
296,Claude,Zeroshot,6,0.02892463803291323,0.22892463803291319,0.7421507239341736
297,Claude,Zeroshot,6,0.13456576466560366,0.7,0.16543423533439636
298,Claude,Zeroshot,6,0.0,0.18900930881500244,0.8109906911849976
299,Claude,Zeroshot,6,0.08374571204185488,0.28374571204185484,0.6325085759162903
300,Claude,Zeroshot,6,0.14118027091026308,0.7,0.15881972908973693
301,Claude,Zeroshot,6,0.0,0.15956878662109375,0.8404312133789062
302,Claude,Zeroshot,6,0.048294374346733115,0.24829437434673307,0.7034112513065338
303,Claude,Zeroshot,6,0.0,0.038273513317108154,0.9617264866828918
304,Claude,Zeroshot,6,0.13252835869789126,0.7,0.16747164130210876
305,Claude,Zeroshot,6,0.14395118653774264,0.7,0.15604881346225738
306,Claude,Zeroshot,6,0.07589226365089419,0.27589226365089414,0.6482154726982117
307,Claude,Zeroshot,6,0.0,0.014231353998184204,0.9857686460018158
308,Claude,Zeroshot,6,0.07342680692672732,0.2734268069267273,0.6531463861465454
309,Claude,Zeroshot,6,0.0510860472917557,0.25108604729175565,0.6978279054164886
310,Claude,Zeroshot,6,0.0824690103530884,0.28246901035308836,0.6350619792938232
311,Claude,Zeroshot,6,0.04753404259681704,0.247534042596817,0.704931914806366
312,Claude,Zeroshot,6,0.004216724634170554,0.2042167246341705,0.7915665507316589
313,Claude,Zeroshot,6,0.048603260517120384,0.24860326051712034,0.7027934789657593
314,Claude,Zeroshot,7,0.11949882805347445,0.4194988280534744,0.46100234389305117
315,Claude,Zeroshot,6,0.1512677162885666,0.7,0.1487322837114334
316,Claude,Zeroshot,6,0.15033225119113924,0.7,0.14966774880886077
317,Claude,Zeroshot,6,0.0,0.056446343660354614,0.9435536563396454
318,Claude,Zeroshot,6,0.0,0.07647082209587097,0.923529177904129
319,Claude,Zeroshot,6,0.0,0.19524234533309937,0.8047576546669006
320,Claude,Zeroshot,6,0.0,0.1962539553642273,0.8037460446357727
321,Claude,Zeroshot,6,0.050889098644256614,0.25088909864425657,0.6982218027114868
322,Claude,Zeroshot,6,0.0,0.04328429698944092,0.9567157030105591
323,Claude,Zeroshot,6,0.0,0.144955575466156,0.855044424533844
324,Claude,Zeroshot,6,0.0,0.10267689824104309,0.8973231017589569
325,Claude,Zeroshot,6,0.0,0.14491158723831177,0.8550884127616882
326,Claude,Zeroshot,6,0.0,0.05821433663368225,0.9417856633663177
327,Claude,Zeroshot,5,0.0,0.0391717255115509,0.9608282744884491
328,Claude,Zeroshot,6,0.1007851302623749,0.40078513026237483,0.49842973947525027
329,Claude,Zeroshot,6,0.0,0.023562699556350708,0.9764373004436493
330,Claude,Zeroshot,6,0.0,0.14435607194900513,0.8556439280509949
331,Claude,Zeroshot,7,0.12841122746467593,0.7,0.1715887725353241
332,Claude,Zeroshot,6,0.0,0.16767171025276184,0.8323282897472382
333,Claude,Zeroshot,6,0.0,0.043417513370513916,0.9565824866294861
334,Claude,Zeroshot,6,0.14592635035514834,0.7,0.15407364964485168
335,Claude,Zeroshot,6,0.1437272667884827,0.7,0.15627273321151733
336,Claude,Zeroshot,6,0.0016141474246978982,0.20161414742469785,0.7967717051506042
337,Claude,Zeroshot,6,0.050080770254135154,0.2500807702541351,0.6998384594917297
338,Claude,Zeroshot,6,0.09077618420124056,0.2907761842012405,0.6184476315975189
339,Claude,Zeroshot,6,0.01618335545063021,0.21618335545063017,0.7676332890987396
340,Claude,Zeroshot,6,0.09574147462844851,0.29574147462844846,0.608517050743103
341,Claude,Zeroshot,6,0.07001171410083773,0.2700117141008377,0.6599765717983246
342,Claude,Zeroshot,6,0.061149397492408775,0.26114939749240873,0.6777012050151825
343,Claude,Zeroshot,6,0.14285204708576205,0.7,0.15714795291423797
344,Claude,Zeroshot,6,0.10342457294464114,0.40342457294464107,0.4931508541107178
345,Claude,Zeroshot,7,0.12771564126014712,0.7,0.1722843587398529
346,Claude,Zeroshot,6,0.0,0.19722342491149902,0.802776575088501
347,Claude,Zeroshot,7,0.0,0.15650391578674316,0.8434960842132568
348,Claude,Zeroshot,6,0.0966422647237778,0.29664226472377775,0.6067154705524445
349,Claude,Zeroshot,6,0.0,0.0867471694946289,0.9132528305053711
350,Claude,Zeroshot,6,0.0,0.1909579634666443,0.8090420365333557
351,Claude,Zeroshot,6,0.05746068954467776,0.2574606895446777,0.6850786209106445
352,Claude,Zeroshot,6,0.12541008889675143,0.7,0.1745899111032486
353,Claude,Zeroshot,6,0.035302796959877036,0.235302796959877,0.729394406080246
354,Claude,Zeroshot,6,0.14341346323490145,0.7,0.15658653676509857
355,Claude,Zeroshot,6,0.0014670878648758157,0.20146708786487577,0.7970658242702484
356,Claude,Zeroshot,6,0.09509217143058779,0.29509217143058775,0.6098156571388245
357,Claude,Zeroshot,6,0.0,0.03702831268310547,0.9629716873168945
358,Claude,Zeroshot,6,0.03644602894783022,0.23644602894783018,0.7271079421043396
359,Claude,Zeroshot,6,0.14041348695755007,0.7,0.15958651304244995
360,Claude,Zeroshot,6,0.05575830638408663,0.2557583063840866,0.6884833872318268
361,Claude,Zeroshot,6,0.0,0.022451311349868774,0.9775486886501312
362,Claude,Zeroshot,6,0.0,0.19494611024856567,0.8050538897514343
363,Claude,Zeroshot,6,0.14830348789691927,0.7,0.15169651210308074
364,Claude,Zeroshot,6,0.13944814503192904,0.7,0.16055185496807098
365,Claude,Zeroshot,6,0.13742868006229403,0.7,0.162571319937706
366,Claude,Zeroshot,6,0.12542198002338412,0.7,0.1745780199766159
367,Claude,Zeroshot,7,0.02962196767330172,0.22962196767330167,0.7407560646533966
368,Claude,Zeroshot,6,0.11100337803363802,0.41100337803363796,0.477993243932724
369,Claude,Zeroshot,6,0.0,0.07088100910186768,0.9291189908981323
370,Claude,Zeroshot,6,0.0,0.17254355549812317,0.8274564445018768
371,Claude,Zeroshot,6,0.13240676522254946,0.7,0.16759323477745056
372,Claude,Zeroshot,6,0.0,0.07168492674827576,0.9283150732517242
373,Claude,Zeroshot,6,0.12107854485511782,0.42107854485511775,0.4578429102897644
374,Claude,Zeroshot,6,0.12112852334976199,0.4211285233497619,0.4577429533004761
375,Claude,Zeroshot,6,0.14156190454959872,0.7,0.1584380954504013
376,Claude,Zeroshot,6,0.09432516396045687,0.2943251639604568,0.6113496720790863
377,Claude,Zeroshot,6,0.0,0.036896973848342896,0.9631030261516571
378,Claude,Zeroshot,6,0.053797492384910606,0.25379749238491056,0.6924050152301788
379,Claude,Zeroshot,6,0.13392088711261751,0.7,0.1660791128873825
380,Claude,Zeroshot,6,0.0012045890092849953,0.20120458900928495,0.79759082198143
381,Claude,Zeroshot,6,0.1384360730648041,0.7,0.16156392693519592
382,Claude,Zeroshot,6,1.699626445772484e-05,0.20001699626445768,0.7999660074710846
383,Claude,Zeroshot,6,0.0,0.12139403820037842,0.8786059617996216
384,Claude,Zeroshot,6,0.0875274330377579,0.28752743303775785,0.6249451339244843
385,Claude,Zeroshot,6,0.14065673351287844,0.7,0.15934326648712158
386,Claude,Zeroshot,6,0.1481697201728821,0.7,0.15183027982711791
387,Claude,Zeroshot,6,0.027567097544670127,0.22756709754467008,0.7448658049106598
388,Claude,Zeroshot,6,0.13797437548637392,0.7,0.1620256245136261
389,Claude,Zeroshot,6,0.031358981132507346,0.2313589811325073,0.7372820377349854
390,Claude,Zeroshot,7,0.004845523834228538,0.2048455238342285,0.790308952331543
391,Claude,Zeroshot,6,0.1494011074304581,0.7,0.15059889256954193
392,Claude,Zeroshot,6,0.06861759126186373,0.2686175912618637,0.6627648174762726
393,Claude,Zeroshot,6,0.05299545228481295,0.2529954522848129,0.6940090954303741
394,Claude,Zeroshot,6,0.1249884605407715,0.42498846054077144,0.45002307891845705
395,Claude,Zeroshot,6,0.023473659157753013,0.22347365915775297,0.753052681684494
396,Claude,Zeroshot,6,0.13209080100059511,0.7,0.1679091989994049
397,Claude,Zeroshot,6,0.0,0.016232222318649292,0.9837677776813507
398,Claude,Zeroshot,6,0.10453256368637087,0.4045325636863708,0.4909348726272583
399,Claude,Zeroshot,6,0.0,0.019787520170211792,0.9802124798297882
400,Claude,Zeroshot,6,0.0,0.13209956884384155,0.8679004311561584
401,Claude,Zeroshot,6,0.1137628644704819,0.41376286447048183,0.4724742710590363
402,Claude,Zeroshot,6,0.01799377202987673,0.2179937720298767,0.7640124559402466
403,Claude,Zeroshot,6,0.0,0.06456294655799866,0.9354370534420013
404,Claude,Zeroshot,6,0.0,0.10611990094184875,0.8938800990581512
405,Claude,Zeroshot,6,0.0,0.1033484935760498,0.8966515064239502
406,Claude,Zeroshot,6,0.0,0.045548707246780396,0.9544512927532196
407,Claude,Zeroshot,6,0.0,0.09844130277633667,0.9015586972236633
408,Claude,Zeroshot,6,0.08324480950832369,0.28324480950832365,0.6335103809833527
409,Claude,Zeroshot,6,0.0,0.05588802695274353,0.9441119730472565
410,Claude,Zeroshot,6,0.14749211966991427,0.7,0.15250788033008575
411,Claude,Zeroshot,6,0.1453601658344269,0.7,0.15463983416557311
412,Claude,Zeroshot,6,0.14752077460289004,0.7,0.15247922539710998
413,Claude,Zeroshot,6,0.0,0.00439608097076416,0.9956039190292358
414,Claude,Zeroshot,6,0.14698710441589358,0.7,0.15301289558410644
415,Claude,Zeroshot,6,0.020993420481681846,0.2209934204816818,0.7580131590366364
416,Claude,Zeroshot,6,0.0,0.14131903648376465,0.8586809635162354
417,Claude,Zeroshot,6,0.0,0.08540254831314087,0.9145974516868591
418,Claude,Zeroshot,6,0.11402326226234438,0.4140232622623443,0.4719534754753113
419,Claude,Zeroshot,6,0.0,0.07568386197090149,0.9243161380290985
420,Claude,Zeroshot,6,0.04611707627773287,0.24611707627773283,0.7077658474445343
421,Claude,Zeroshot,6,0.14656191468238833,0.7,0.1534380853176117
422,Claude,Zeroshot,6,0.15050476193428042,0.7,0.1494952380657196
423,Claude,Zeroshot,6,0.12403639554977419,0.4240363955497741,0.4519272089004517
424,Claude,Zeroshot,6,0.03658048212528231,0.23658048212528227,0.7268390357494354
425,Claude,Zeroshot,6,0.0,0.1975177526473999,0.8024822473526001
426,Claude,Zeroshot,6,0.13365673422813418,0.7,0.16634326577186584
427,Claude,Zeroshot,6,0.0,0.14175266027450562,0.8582473397254944
428,Claude,Zeroshot,6,0.0,0.16316565871238708,0.8368343412876129
429,Claude,Zeroshot,6,0.03014553487300875,0.2301455348730087,0.7397089302539825
430,Claude,Zeroshot,6,0.0,0.15492737293243408,0.8450726270675659
431,Claude,Zeroshot,6,0.0,0.18835651874542236,0.8116434812545776
432,Claude,Zeroshot,6,0.1206372916698456,0.42063729166984554,0.45872541666030886
433,Claude,Zeroshot,7,0.06330336034297945,0.2633033603429794,0.6733932793140411
434,Claude,Zeroshot,6,0.0024640947580337746,0.20246409475803373,0.7950718104839325
435,Claude,Zeroshot,6,0.0,0.04705384373664856,0.9529461562633514
436,Claude,Zeroshot,6,0.0,0.05523395538330078,0.9447660446166992
437,Claude,Zeroshot,6,0.0002836078405380471,0.200283607840538,0.799432784318924
438,Claude,Zeroshot,6,0.04514665305614474,0.2451466530561447,0.7097066938877106
439,Claude,Zeroshot,6,0.048924708366394065,0.24892470836639402,0.7021505832672119
440,Claude,Zeroshot,6,0.0,0.0934000313282013,0.9065999686717987
441,Claude,Zeroshot,6,0.03583803176879885,0.2358380317687988,0.7283239364624023
442,Claude,Zeroshot,6,0.13363783955574038,0.7,0.16636216044425964
443,Claude,Zeroshot,6,0.05024361014366152,0.2502436101436615,0.699512779712677
444,Claude,Zeroshot,6,0.0,0.11502528190612793,0.8849747180938721
445,Claude,Zeroshot,7,0.02433852255344393,0.2243385225534439,0.7513229548931122
446,Claude,Zeroshot,6,0.11228846907615664,0.41228846907615657,0.4754230618476868
447,Claude,Zeroshot,7,0.1330051511526108,0.7,0.16699484884738922
448,Claude,Zeroshot,6,0.0995794326066971,0.29957943260669706,0.6008411347866058
449,Claude,Zeroshot,6,0.12762182354927065,0.7,0.17237817645072936
450,Claude,Zeroshot,6,0.0,0.1650770604610443,0.8349229395389557
451,Claude,Zeroshot,6,0.0,0.18378612399101257,0.8162138760089874
452,Claude,Zeroshot,6,0.11026416122913363,0.41026416122913356,0.4794716775417328
453,Claude,Zeroshot,6,0.0,0.16536220908164978,0.8346377909183502
454,Claude,Zeroshot,6,0.0,0.05169317126274109,0.9483068287372589
455,Claude,Zeroshot,6,0.01541666090488436,0.21541666090488432,0.7691666781902313
456,Claude,Zeroshot,6,0.0,0.18355068564414978,0.8164493143558502
457,Claude,Zeroshot,6,0.10022687315940859,0.4002268731594085,0.4995462536811829
458,Claude,Zeroshot,6,0.0,0.09887313842773438,0.9011268615722656
459,Claude,Zeroshot,6,0.11081781387329104,0.41081781387329097,0.478364372253418
460,Claude,Zeroshot,6,0.1283129394054413,0.7,0.1716870605945587
461,Claude,Zeroshot,6,0.0,0.1888830065727234,0.8111169934272766
462,Claude,Zeroshot,6,0.0,0.1162227988243103,0.8837772011756897
463,Claude,Zeroshot,6,0.03189685344696047,0.23189685344696043,0.7362062931060791
464,Claude,Zeroshot,6,0.08840415775775912,0.28840415775775907,0.6231916844844818
465,Claude,Zeroshot,6,0.14409000575542452,0.7,0.1559099942445755
466,Claude,Zeroshot,6,0.08760149180889132,0.2876014918088913,0.6247970163822174
467,Claude,Zeroshot,7,0.0,0.12503492832183838,0.8749650716781616
468,Claude,Zeroshot,6,0.0695123761892319,0.26951237618923185,0.6609752476215363
469,Claude,Zeroshot,6,0.14042074382305147,0.7,0.15957925617694854
470,Claude,Zeroshot,6,0.06200792789459231,0.26200792789459226,0.6759841442108154
471,Claude,Zeroshot,6,0.10996814966201784,0.4099681496620178,0.4800637006759644
472,Claude,Zeroshot,6,0.0,0.10328233242034912,0.8967176675796509
473,Claude,Zeroshot,7,0.13739500343799593,0.7,0.16260499656200408
474,Claude,Zeroshot,6,0.054599934816360496,0.25459993481636045,0.690800130367279
475,Claude,Zeroshot,6,0.006938391923904441,0.2069383919239044,0.7861232161521912
476,Claude,Zeroshot,6,0.14875751137733462,0.7,0.1512424886226654
477,Claude,Zeroshot,7,0.1475336790084839,0.7,0.1524663209915161
478,Claude,Zeroshot,6,0.11027719974517824,0.4102771997451782,0.4794456005096436
479,Claude,Zeroshot,7,0.09052769243717196,0.2905276924371719,0.6189446151256561
480,Claude,Zeroshot,6,0.13094540834426882,0.7,0.1690545916557312
481,Claude,Zeroshot,6,0.1465355545282364,0.7,0.1534644454717636
482,Claude,Zeroshot,6,0.0,0.13070622086524963,0.8692937791347504
483,Claude,Zeroshot,6,0.09231732189655306,0.292317321896553,0.6153653562068939
484,Claude,Zeroshot,6,0.0,0.04852810502052307,0.9514718949794769
485,Claude,Zeroshot,6,0.08633967638015749,0.28633967638015745,0.6273206472396851
486,Claude,Zeroshot,6,0.05353605151176455,0.2535360515117645,0.692927896976471
487,Claude,Zeroshot,6,0.1358837276697159,0.7,0.1641162723302841
488,Claude,Zeroshot,7,0.12396941483020785,0.4239694148302078,0.4520611703395844
489,Claude,Zeroshot,6,0.0,0.18418940901756287,0.8158105909824371
490,Claude,Zeroshot,6,0.11875728666782381,0.41875728666782375,0.46248542666435244
491,Claude,Zeroshot,6,0.08270048499107363,0.2827004849910736,0.6345990300178528
492,Claude,Zeroshot,6,0.0,0.013129204511642456,0.9868707954883575
493,Claude,Zeroshot,7,0.1348519712686539,0.7,0.16514802873134612
494,Claude,Zeroshot,7,0.14626086652278902,0.7,0.153739133477211
495,Claude,Zeroshot,7,0.03442832231521609,0.23442832231521604,0.7311433553695679
496,Claude,Zeroshot,6,0.11488969027996065,0.4148896902799606,0.47022061944007876
497,Claude,Zeroshot,6,0.07326898872852328,0.27326898872852323,0.6534620225429535
498,Claude,Zeroshot,6,0.036297434568405174,0.23629743456840513,0.7274051308631897
499,Claude,Zeroshot,6,0.12404196858406069,0.4240419685840606,0.4519160628318787
